# realization, C_[ell=3] 
6.240000000000000000e+02 4.599126536516638453e+02
6.250000000000000000e+02 1.265618680914247989e+02
6.260000000000000000e+02 6.801272884638742653e+02
6.270000000000000000e+02 4.019725494757919932e+02
6.280000000000000000e+02 3.077560577510969893e+02
6.290000000000000000e+02 1.965590388206093735e+02
6.300000000000000000e+02 1.089623290505556952e+03
6.310000000000000000e+02 1.316325931234962070e+02
6.320000000000000000e+02 1.672976629120269649e+02
6.330000000000000000e+02 6.678071294720468813e+02
6.340000000000000000e+02 6.872874471534712484e+02
6.350000000000000000e+02 5.483739771407672379e+02
6.360000000000000000e+02 4.640500846572469982e+02
6.370000000000000000e+02 8.254196009428030720e+02
6.380000000000000000e+02 1.107638118245315127e+03
6.390000000000000000e+02 5.136048235776562478e+02
6.400000000000000000e+02 1.307194977976705559e+03
6.410000000000000000e+02 6.358357632442209706e+02
6.420000000000000000e+02 2.519397199252787232e+02
6.430000000000000000e+02 3.623134175232975167e+02
6.440000000000000000e+02 5.632521741432750559e+02
6.450000000000000000e+02 9.585940459805257206e+02
6.460000000000000000e+02 8.959248950274986782e+02
6.470000000000000000e+02 2.761292990806166472e+02
6.480000000000000000e+02 3.415603777636682707e+02
6.490000000000000000e+02 8.604855940746257374e+02
6.500000000000000000e+02 1.391914794436444538e+02
6.510000000000000000e+02 3.646762792039986039e+02
6.520000000000000000e+02 2.819382121905225063e+02
6.530000000000000000e+02 2.270463117268050723e+02
6.540000000000000000e+02 3.812037237764672568e+02
6.550000000000000000e+02 4.391456468542709217e+02
6.560000000000000000e+02 4.441253487838501997e+02
6.570000000000000000e+02 1.399321697859417782e+03
6.580000000000000000e+02 3.167506086157894174e+02
6.590000000000000000e+02 6.919793982461577571e+02
6.600000000000000000e+02 3.013930139355916822e+02
6.610000000000000000e+02 1.038199424904204989e+03
6.620000000000000000e+02 1.542016610462258086e+02
6.630000000000000000e+02 5.326283178210595679e+02
6.640000000000000000e+02 2.428718372582012535e+02
6.650000000000000000e+02 2.123683803848604157e+02
6.660000000000000000e+02 1.337465251933147101e+02
6.670000000000000000e+02 4.731528811740973310e+02
6.680000000000000000e+02 7.439742025162723849e+02
6.690000000000000000e+02 4.491987993991151598e+02
6.700000000000000000e+02 6.558922958578998532e+02
6.710000000000000000e+02 6.139191808590660457e+02
6.720000000000000000e+02 5.803217796009316771e+02
6.730000000000000000e+02 8.966074743192375536e+02
6.740000000000000000e+02 4.935915881952631707e+02
6.750000000000000000e+02 1.103545882838106309e+03
6.760000000000000000e+02 5.681980888756298782e+02
6.770000000000000000e+02 2.862584592941202004e+02
6.780000000000000000e+02 7.212145498827544543e+02
6.790000000000000000e+02 1.234622235243400382e+03
6.800000000000000000e+02 4.624409971772320773e+02
6.810000000000000000e+02 1.834394276074058894e+02
6.820000000000000000e+02 7.399269329050807755e+02
6.830000000000000000e+02 5.295950141361172427e+02
6.840000000000000000e+02 5.601829379920202427e+02
6.850000000000000000e+02 5.245132008075311205e+02
6.860000000000000000e+02 4.504912523121038248e+02
6.870000000000000000e+02 9.731822659549468426e+02
6.880000000000000000e+02 4.271290637600670834e+02
6.890000000000000000e+02 4.687545401957137869e+02
6.900000000000000000e+02 6.950284593682520153e+02
6.910000000000000000e+02 2.816621309475298744e+02
6.920000000000000000e+02 3.392726250282655087e+02
6.930000000000000000e+02 8.207358461110501366e+02
6.940000000000000000e+02 7.392293673311935436e+02
6.950000000000000000e+02 2.852106610967194911e+02
6.960000000000000000e+02 6.574193620397660425e+02
6.970000000000000000e+02 1.792794368989287648e+02
6.980000000000000000e+02 1.009704373766685535e+03
6.990000000000000000e+02 1.174543795486843692e+03
7.000000000000000000e+02 2.814868834518329663e+02
7.010000000000000000e+02 4.136937526376593155e+02
7.020000000000000000e+02 7.444718298613960314e+02
7.030000000000000000e+02 3.956551355825633323e+02
7.040000000000000000e+02 2.151300681998199593e+02
7.050000000000000000e+02 1.578928436728707254e+02
7.060000000000000000e+02 1.141374536642497617e+02
7.070000000000000000e+02 1.906653123391724307e+02
7.080000000000000000e+02 1.307255417160151865e+02
7.090000000000000000e+02 5.198358642668101766e+02
7.100000000000000000e+02 5.722354439409502902e+02
7.110000000000000000e+02 7.802614570022705038e+02
7.120000000000000000e+02 6.314819589385324434e+02
7.130000000000000000e+02 9.755185961467842617e+02
7.140000000000000000e+02 3.155658767184752946e+02
7.150000000000000000e+02 4.715154195778725352e+02
7.160000000000000000e+02 6.214660013612123066e+02
7.170000000000000000e+02 4.495313748159337592e+02
7.180000000000000000e+02 9.534010529270516088e+01
7.190000000000000000e+02 7.843957191665941764e+02
7.200000000000000000e+02 1.010796443517804050e+03
7.210000000000000000e+02 1.542924211892121320e+03
7.220000000000000000e+02 4.593472204416136719e+02
7.230000000000000000e+02 5.406947399811421064e+02
7.240000000000000000e+02 7.391418905580736975e+01
7.250000000000000000e+02 6.159856625679494755e+02
7.260000000000000000e+02 4.629192164351090923e+02
7.270000000000000000e+02 8.306368178956129213e+02
7.280000000000000000e+02 4.594349027752380721e+02
7.290000000000000000e+02 2.896749272659381518e+02
7.300000000000000000e+02 6.186081252468926550e+02
7.310000000000000000e+02 1.158787717596092762e+03
7.320000000000000000e+02 4.857182419065516683e+02
7.330000000000000000e+02 7.554938758641453660e+02
7.340000000000000000e+02 2.869778932442357018e+02
7.350000000000000000e+02 1.661494409568209676e+02
7.360000000000000000e+02 7.081633175377606904e+02
7.370000000000000000e+02 2.589249643144983679e+02
7.380000000000000000e+02 2.058885084539388401e+02
7.390000000000000000e+02 3.009359183115796554e+02
7.400000000000000000e+02 1.890475752805189984e+02
7.410000000000000000e+02 3.402742244545298718e+02
7.420000000000000000e+02 2.736445821136792915e+02
7.430000000000000000e+02 8.070186291734701172e+02
7.440000000000000000e+02 5.713278807096786522e+02
7.450000000000000000e+02 4.240817310388560486e+02
7.460000000000000000e+02 5.270165291315665854e+02
7.470000000000000000e+02 6.717613753449337537e+02
7.480000000000000000e+02 4.237767973516624238e+02
