# realization, C(theta=180) 
8.740000000000000000e+02 3.902230924022409795e+02
8.750000000000000000e+02 2.666858879264117377e+02
8.760000000000000000e+02 3.301519118548902725e+02
8.770000000000000000e+02 6.686964780117835971e+02
8.780000000000000000e+02 4.788192745500639376e+02
8.790000000000000000e+02 9.756655037373474215e+01
8.800000000000000000e+02 -1.219672372669701303e+02
8.810000000000000000e+02 2.826784861250275753e+02
8.820000000000000000e+02 7.989264286255136085e+02
8.830000000000000000e+02 1.106294253897639237e+02
8.840000000000000000e+02 -1.681095054217741449e+02
8.850000000000000000e+02 3.615403350094606481e+02
8.860000000000000000e+02 1.273332567547897952e+03
8.870000000000000000e+02 2.453313635235663810e+02
8.880000000000000000e+02 4.701109830672961607e+02
8.890000000000000000e+02 -4.200716760931257454e+00
8.900000000000000000e+02 8.515835333292660607e+02
8.910000000000000000e+02 9.319282619801339251e+01
8.920000000000000000e+02 4.253393241028069838e+02
8.930000000000000000e+02 1.035191147270557849e+03
8.940000000000000000e+02 6.697258197284595553e+02
8.950000000000000000e+02 3.462976014536062621e+02
8.960000000000000000e+02 1.806028405589798922e+02
8.970000000000000000e+02 1.869743051894799464e+03
8.980000000000000000e+02 8.746535359977726785e+02
8.990000000000000000e+02 4.591843762272288814e+02
9.000000000000000000e+02 -8.680940024813216382e+01
9.010000000000000000e+02 3.613542566660861439e+02
9.020000000000000000e+02 4.547478843866442730e+02
9.030000000000000000e+02 3.278581044854282140e+02
9.040000000000000000e+02 1.775386739358090438e+02
9.050000000000000000e+02 -1.018931907341783472e+02
9.060000000000000000e+02 6.256588435535242070e+02
9.070000000000000000e+02 3.874161057627553362e+01
9.080000000000000000e+02 2.580777631189407657e+02
9.090000000000000000e+02 3.910610246395566492e+02
9.100000000000000000e+02 2.526757079483277266e+02
9.110000000000000000e+02 1.340604021080327129e+03
9.120000000000000000e+02 2.570255589324854100e+02
9.130000000000000000e+02 5.937312647384046613e+02
9.140000000000000000e+02 8.926357238755967956e+02
9.150000000000000000e+02 -5.816363348383970333e+01
9.160000000000000000e+02 -3.924647074028122802e+02
9.170000000000000000e+02 9.160658028184386694e+02
9.180000000000000000e+02 3.635320087454080067e+02
9.190000000000000000e+02 1.079115694132641465e+02
9.200000000000000000e+02 6.907289802382088055e+02
9.210000000000000000e+02 4.627681802853976478e+02
9.220000000000000000e+02 3.906994802981192834e+02
9.230000000000000000e+02 7.696685152762875077e+02
9.240000000000000000e+02 3.090837907277134491e+02
9.250000000000000000e+02 5.715716706728434247e+02
9.260000000000000000e+02 2.463814278690858828e+01
9.270000000000000000e+02 6.513934529204943829e+02
9.280000000000000000e+02 -3.745722936623909618e+02
9.290000000000000000e+02 5.293909155654771439e+02
9.300000000000000000e+02 1.495836125087664072e+02
9.310000000000000000e+02 2.651455328804860301e+02
9.320000000000000000e+02 -3.699527238958669386e+02
9.330000000000000000e+02 2.451732821086035585e+02
9.340000000000000000e+02 -4.229245879045145102e+02
9.350000000000000000e+02 3.646440988361702580e+02
9.360000000000000000e+02 -2.744708802178056999e+02
9.370000000000000000e+02 2.520487047656890809e+02
9.380000000000000000e+02 7.047586317815643042e+00
9.390000000000000000e+02 -9.839658696373041380e+01
9.400000000000000000e+02 6.681383485294867342e+02
9.410000000000000000e+02 6.704500094909128620e+02
9.420000000000000000e+02 6.216907855278462591e+01
9.430000000000000000e+02 2.781351433976352041e+02
9.440000000000000000e+02 3.345867958091803871e+02
9.450000000000000000e+02 6.058358664181046151e+02
9.460000000000000000e+02 4.814708382105860665e+02
9.470000000000000000e+02 4.727378381086252546e+01
9.480000000000000000e+02 8.816787618457217377e+02
9.490000000000000000e+02 1.811789578989944403e+02
9.500000000000000000e+02 5.632714540526405926e+02
9.510000000000000000e+02 5.624180410692896430e+02
9.520000000000000000e+02 1.921556302724263787e+02
9.530000000000000000e+02 3.051935564987662701e+02
9.540000000000000000e+02 3.143349577154745020e+02
9.550000000000000000e+02 4.229676461669056380e+02
9.560000000000000000e+02 2.836628752839749268e+02
9.570000000000000000e+02 3.544543951857776278e+02
9.580000000000000000e+02 6.670411479712091705e+02
9.590000000000000000e+02 3.343288532819641432e+02
9.600000000000000000e+02 -1.122091145275667259e+02
9.610000000000000000e+02 7.326296313011416714e+02
9.620000000000000000e+02 -2.861441280861922678e+02
9.630000000000000000e+02 1.805679142676785887e+01
9.640000000000000000e+02 3.184447426747906889e+02
9.650000000000000000e+02 -6.215279979578035352e+00
9.660000000000000000e+02 2.845401422948058894e+02
9.670000000000000000e+02 1.625208662951579015e+02
9.680000000000000000e+02 1.373352341467022484e+02
9.690000000000000000e+02 2.520204742417677721e+02
9.700000000000000000e+02 4.053556370489577603e+02
9.710000000000000000e+02 3.558634551138335951e+02
9.720000000000000000e+02 7.132717914396376955e+02
9.730000000000000000e+02 4.142653311528689528e+02
9.740000000000000000e+02 8.144856360452820354e+02
9.750000000000000000e+02 3.727349807651554556e+02
9.760000000000000000e+02 2.251899477583615976e+02
9.770000000000000000e+02 6.727419350130454632e+02
9.780000000000000000e+02 4.375460147939529634e+02
9.790000000000000000e+02 2.208618146365189148e+02
9.800000000000000000e+02 3.933604766151492527e+01
9.810000000000000000e+02 1.219213485334722691e+02
9.820000000000000000e+02 1.930457310604294889e+02
9.830000000000000000e+02 8.641018305925007326e+02
9.840000000000000000e+02 2.439105297833891655e+02
9.850000000000000000e+02 8.856942767475757137e+02
9.860000000000000000e+02 1.510874952356095946e+01
9.870000000000000000e+02 4.658406783762535497e+02
9.880000000000000000e+02 6.284265163781718684e+02
9.890000000000000000e+02 5.643639316186565793e+02
9.900000000000000000e+02 -1.968908580395560648e+02
9.910000000000000000e+02 -6.582565346168317433e+01
9.920000000000000000e+02 4.244924174813081663e+02
9.930000000000000000e+02 1.015059797921455583e+03
9.940000000000000000e+02 6.282480277990234754e+02
9.950000000000000000e+02 4.984608064643505259e+02
9.960000000000000000e+02 4.110273397938760809e+01
9.970000000000000000e+02 -2.054477657142531939e+02
9.980000000000000000e+02 6.921951982684406630e+02
9.990000000000000000e+02 -4.201351194990849081e+00
