# realization, C(theta=180) 
6.240000000000000000e+02 -1.395477698549683510e+02
6.250000000000000000e+02 6.956833718466575647e+02
6.260000000000000000e+02 4.019670449480245225e+02
6.270000000000000000e+02 1.738889429095337960e+02
6.280000000000000000e+02 -1.002859759419112180e+02
6.290000000000000000e+02 4.501441916968702230e+02
6.300000000000000000e+02 -6.136688886314817637e+02
6.310000000000000000e+02 4.416299101990290410e+00
6.320000000000000000e+02 -7.787195176618553205e+01
6.330000000000000000e+02 1.857413087478409466e+02
6.340000000000000000e+02 1.823080501800720299e+01
6.350000000000000000e+02 1.924222666698099715e+01
6.360000000000000000e+02 1.383363897891693171e+02
6.370000000000000000e+02 -3.675482138081974881e+02
6.380000000000000000e+02 1.076299790128297218e+02
6.390000000000000000e+02 2.008232773165766218e+02
6.400000000000000000e+02 -3.591218770158978941e+02
6.410000000000000000e+02 1.285484401893130268e+02
6.420000000000000000e+02 9.625390163237454999e+02
6.430000000000000000e+02 -1.787354265187241253e+01
6.440000000000000000e+02 1.787805092748095603e+02
6.450000000000000000e+02 8.879785530419563884e+02
6.460000000000000000e+02 -7.297715615723021187e+01
6.470000000000000000e+02 3.933589584969794828e+02
6.480000000000000000e+02 2.167837838773911585e+02
6.490000000000000000e+02 7.397565743888836209e+01
6.500000000000000000e+02 5.581355023727625166e+02
6.510000000000000000e+02 2.461164556490616917e+02
6.520000000000000000e+02 6.141183231785608854e+01
6.530000000000000000e+02 3.023212297863560707e+02
6.540000000000000000e+02 6.469278617318489069e+02
6.550000000000000000e+02 -5.437053842082373478e+01
6.560000000000000000e+02 -5.884778580562803540e+01
6.570000000000000000e+02 -4.502039049703532783e+02
6.580000000000000000e+02 6.539022224840664421e+02
6.590000000000000000e+02 4.495942036021509125e+02
6.600000000000000000e+02 3.669323598517599976e+02
6.610000000000000000e+02 -2.372198732144873929e+02
6.620000000000000000e+02 1.439544092927470729e+03
6.630000000000000000e+02 2.280744216011974004e+02
6.640000000000000000e+02 2.753594111438479786e+02
6.650000000000000000e+02 2.499550785385071094e+01
6.660000000000000000e+02 1.070241666249884247e+03
6.670000000000000000e+02 4.755618621404297528e+02
6.680000000000000000e+02 2.242907996542004412e+01
6.690000000000000000e+02 2.723962019839231061e+02
6.700000000000000000e+02 5.018573007201788414e+02
6.710000000000000000e+02 -6.457496858678263152e+01
6.720000000000000000e+02 3.565674382028170157e+02
6.730000000000000000e+02 -1.562554223640577789e+02
6.740000000000000000e+02 -7.069496076099136417e+01
6.750000000000000000e+02 4.029188472335944482e+01
6.760000000000000000e+02 1.223186544719913798e+02
6.770000000000000000e+02 1.828840507622151108e+02
6.780000000000000000e+02 3.259442415711725971e+02
6.790000000000000000e+02 5.152505749636327437e+02
6.800000000000000000e+02 1.370477642582465307e+02
6.810000000000000000e+02 6.824087738769014777e+02
6.820000000000000000e+02 9.949436932304528227e+02
6.830000000000000000e+02 4.435662312131318004e+02
6.840000000000000000e+02 1.740430342096596235e+02
6.850000000000000000e+02 4.472258240275656505e+01
6.860000000000000000e+02 3.328274532119879723e+02
6.870000000000000000e+02 -2.456591865572449080e+02
6.880000000000000000e+02 1.876971051131442891e+01
6.890000000000000000e+02 1.162602363049691263e+02
6.900000000000000000e+02 -5.776475440195707733e+01
6.910000000000000000e+02 8.131190723121362396e+01
6.920000000000000000e+02 -1.062862501478821287e+02
6.930000000000000000e+02 -1.162319590355537855e+02
6.940000000000000000e+02 9.971767137319411631e+02
6.950000000000000000e+02 1.551416648892152352e+02
6.960000000000000000e+02 4.821171650437131007e+02
6.970000000000000000e+02 6.095842367472300793e+02
6.980000000000000000e+02 4.857299050618702267e+02
6.990000000000000000e+02 -2.536560962918695736e+02
7.000000000000000000e+02 3.762581037294303314e+02
7.010000000000000000e+02 1.473496349665379057e+02
7.020000000000000000e+02 -2.517098135496360101e+02
7.030000000000000000e+02 -1.762687540453615043e+01
7.040000000000000000e+02 1.824409444278496721e+02
7.050000000000000000e+02 4.457643100134246197e+02
7.060000000000000000e+02 6.074133359995198589e+02
7.070000000000000000e+02 1.516224734438098722e+03
7.080000000000000000e+02 7.123787339831477539e+02
7.090000000000000000e+02 4.283028251267365931e+02
7.100000000000000000e+02 7.160007831744124474e+01
7.110000000000000000e+02 1.881160200469000472e+02
7.120000000000000000e+02 -2.870414535360715718e+02
7.130000000000000000e+02 -2.973369937125800107e+02
7.140000000000000000e+02 7.728643391873641804e+02
7.150000000000000000e+02 2.261008180813299191e+02
7.160000000000000000e+02 -2.787654054388196414e+02
7.170000000000000000e+02 1.495186340584342872e+02
7.180000000000000000e+02 4.557496867765758566e+02
7.190000000000000000e+02 7.908237648095798704e+02
7.200000000000000000e+02 -2.263100891004503410e+02
7.210000000000000000e+02 -6.596704443899828902e+02
7.220000000000000000e+02 3.424215885526689931e+02
7.230000000000000000e+02 5.255778857842537946e+02
7.240000000000000000e+02 3.407415210693405356e+02
7.250000000000000000e+02 7.063342749665545739e+01
7.260000000000000000e+02 1.068986218619315650e+03
7.270000000000000000e+02 -1.443591159835623898e+02
7.280000000000000000e+02 3.586576064617386805e+01
7.290000000000000000e+02 8.172110435657454275e+01
7.300000000000000000e+02 3.894747666063516931e+02
7.310000000000000000e+02 1.481712003871890317e+02
7.320000000000000000e+02 9.925802239076756450e+01
7.330000000000000000e+02 -3.085905107238528444e+01
7.340000000000000000e+02 3.788971824102463870e+02
7.350000000000000000e+02 4.938473928631891567e+02
7.360000000000000000e+02 2.755485541365791846e+01
7.370000000000000000e+02 2.054971648837741213e+03
7.380000000000000000e+02 1.556064773109732755e+02
7.390000000000000000e+02 4.715435387097970192e+02
7.400000000000000000e+02 6.006759947020669443e+01
7.410000000000000000e+02 3.681927031166133020e+02
7.420000000000000000e+02 2.956342429732197274e+02
7.430000000000000000e+02 1.597612710741193212e+02
7.440000000000000000e+02 1.973261998195814897e+02
7.450000000000000000e+02 5.849806867393473908e+01
7.460000000000000000e+02 3.656418560179710084e+02
7.470000000000000000e+02 1.566767355525869618e+02
7.480000000000000000e+02 -8.467046578114900512e+01
