# realization, C(theta=180) 
0.000000000000000000e+00 3.148806002180111818e+02
1.000000000000000000e+00 4.762514582956524691e+02
2.000000000000000000e+00 -4.073000132634278998e+02
3.000000000000000000e+00 7.132100377044401966e+02
4.000000000000000000e+00 1.225251989929914487e+02
5.000000000000000000e+00 -1.627652164939632655e+02
6.000000000000000000e+00 4.260484043705208705e+02
7.000000000000000000e+00 -3.662937421787860330e+02
8.000000000000000000e+00 7.075063966813505090e+01
9.000000000000000000e+00 5.182811574653559319e+02
1.000000000000000000e+01 3.819194228401297551e+02
1.100000000000000000e+01 2.145990413215161539e+02
1.200000000000000000e+01 1.295495636716520949e+03
1.300000000000000000e+01 -9.441608020423456082e+01
1.400000000000000000e+01 6.138814737313348360e+02
1.500000000000000000e+01 -7.479390793770502910e+01
1.600000000000000000e+01 6.299383442895944540e+01
1.700000000000000000e+01 -4.053570036711352031e+02
1.800000000000000000e+01 1.273888475326540174e+03
1.900000000000000000e+01 2.670795724864407816e+02
2.000000000000000000e+01 8.369273967113403501e+01
2.100000000000000000e+01 -2.253294100280072598e+00
2.200000000000000000e+01 2.087511285920226101e+02
2.300000000000000000e+01 1.247144322703062699e+03
2.400000000000000000e+01 2.226738094593214612e+02
2.500000000000000000e+01 1.241620977829456649e+02
2.600000000000000000e+01 2.646293914408586829e+02
2.700000000000000000e+01 2.283032028433455025e+02
2.800000000000000000e+01 6.500787145093138406e+02
2.900000000000000000e+01 8.370923891286386720e+01
3.000000000000000000e+01 2.165525637562624865e+02
3.100000000000000000e+01 3.347482311960212655e+02
3.200000000000000000e+01 -7.749759175194708405e+01
3.300000000000000000e+01 1.424531858527984127e+02
3.400000000000000000e+01 3.979727462407431631e+02
3.500000000000000000e+01 8.510296872680087290e+02
3.600000000000000000e+01 -1.603610331222150194e+02
3.700000000000000000e+01 2.158503488191562667e+02
3.800000000000000000e+01 8.340183022325088587e+02
3.900000000000000000e+01 -2.264583979042848796e+02
4.000000000000000000e+01 9.071752719471993487e+02
4.100000000000000000e+01 6.447022535264457019e+02
4.200000000000000000e+01 5.397863626783876043e+02
4.300000000000000000e+01 6.967849305044846915e+02
4.400000000000000000e+01 2.568990557006683844e+02
4.500000000000000000e+01 2.940082006267974748e+02
4.600000000000000000e+01 2.165723977341110071e+02
4.700000000000000000e+01 6.605880384851495819e+02
4.800000000000000000e+01 1.496079138954237919e+02
4.900000000000000000e+01 6.041088771666086359e+02
5.000000000000000000e+01 -1.006664856215145250e+02
5.100000000000000000e+01 -2.257109561968893274e+01
5.200000000000000000e+01 5.536702759737983115e+02
5.300000000000000000e+01 1.076469941605025156e+02
5.400000000000000000e+01 2.977558792261464760e+02
5.500000000000000000e+01 1.346968011019391270e+03
5.600000000000000000e+01 8.090104171806851809e+02
5.700000000000000000e+01 4.936399711259383594e+00
5.800000000000000000e+01 1.314925223995763190e+03
5.900000000000000000e+01 -5.894797421758096334e+01
6.000000000000000000e+01 6.794492499080817538e+01
6.100000000000000000e+01 -9.212152390541513114e+01
6.200000000000000000e+01 3.863231327224607270e+00
6.300000000000000000e+01 3.075806610380649317e+02
6.400000000000000000e+01 5.370890308328433775e+02
6.500000000000000000e+01 2.120935614683165795e+02
6.600000000000000000e+01 3.504080457266724125e+00
6.700000000000000000e+01 -2.245582971298937309e+02
6.800000000000000000e+01 7.024497269928866672e+01
6.900000000000000000e+01 2.206937161398890623e+02
7.000000000000000000e+01 4.321663358994621831e+02
7.100000000000000000e+01 9.032730783713234359e+02
7.200000000000000000e+01 2.185953245962215874e+01
7.300000000000000000e+01 5.770398922898614558e+00
7.400000000000000000e+01 9.164886878335269103e+02
7.500000000000000000e+01 -6.750982739672292610e+01
7.600000000000000000e+01 4.102224590936438631e+02
7.700000000000000000e+01 7.230995778505840690e+02
7.800000000000000000e+01 3.739894460583943783e+02
7.900000000000000000e+01 1.973013027687850354e+02
8.000000000000000000e+01 4.243944658956706917e+02
8.100000000000000000e+01 -4.196609729882596866e+02
8.200000000000000000e+01 3.727669960068889168e+02
8.300000000000000000e+01 1.570522808792962223e+03
8.400000000000000000e+01 3.116008158994454220e+02
8.500000000000000000e+01 2.816391683247877609e+02
8.600000000000000000e+01 -1.743148219149880163e+02
8.700000000000000000e+01 7.426261157606154484e+02
8.800000000000000000e+01 7.494946807952137533e+02
8.900000000000000000e+01 -2.937631894077043171e+02
9.000000000000000000e+01 7.037802540375899980e+02
9.100000000000000000e+01 3.700008240998336078e+02
9.200000000000000000e+01 4.800427908289182142e+02
9.300000000000000000e+01 -3.219163939213680692e+02
9.400000000000000000e+01 3.441477339565047942e+02
9.500000000000000000e+01 -1.046644695070068565e+02
9.600000000000000000e+01 2.069937037084488338e+02
9.700000000000000000e+01 4.207848524476958687e+02
9.800000000000000000e+01 1.627646858986976895e+03
9.900000000000000000e+01 6.086497449425577599e+01
1.000000000000000000e+02 1.627822820065975691e+02
1.010000000000000000e+02 1.817114361724551372e+02
1.020000000000000000e+02 2.462969840412156941e+01
1.030000000000000000e+02 -5.451758242361712803e+01
1.040000000000000000e+02 3.487996837827004697e+02
1.050000000000000000e+02 9.036191610054878538e+02
1.060000000000000000e+02 4.324334024964842911e+02
1.070000000000000000e+02 4.355351939205407916e+02
1.080000000000000000e+02 3.833609667744113381e+02
1.090000000000000000e+02 3.526828550858101607e+02
1.100000000000000000e+02 -1.725864151992144855e+02
1.110000000000000000e+02 2.988606287253687697e+02
1.120000000000000000e+02 8.516778976347163166e+01
1.130000000000000000e+02 6.759393658312815205e+02
1.140000000000000000e+02 2.738867652762144900e+01
1.150000000000000000e+02 5.022385070923255626e+02
1.160000000000000000e+02 -1.734059324755864395e+02
1.170000000000000000e+02 2.338915975033917505e+02
1.180000000000000000e+02 2.393831714257529768e+02
1.190000000000000000e+02 8.461024998034923783e+02
1.200000000000000000e+02 6.520195079513453038e+02
1.210000000000000000e+02 1.576017547359371918e+02
1.220000000000000000e+02 -3.776193238167859363e+02
1.230000000000000000e+02 4.224317395407598497e+01
