# realization, R_10 (parity assym measure for lmax=10)
6.240000000000000000e+02 6.559379330043522138e-01
6.250000000000000000e+02 2.055615012802640695e+00
6.260000000000000000e+02 1.014037241674869971e+00
6.270000000000000000e+02 8.599270868587098882e-01
6.280000000000000000e+02 7.054872694073842654e-01
6.290000000000000000e+02 1.669912612762442627e+00
6.300000000000000000e+02 5.067278957190061162e-01
6.310000000000000000e+02 5.017992439217945355e-01
6.320000000000000000e+02 7.809634014589068585e-01
6.330000000000000000e+02 9.849772375591205886e-01
6.340000000000000000e+02 8.562428855951361717e-01
6.350000000000000000e+02 8.471150797900479645e-01
6.360000000000000000e+02 8.444576862980380794e-01
6.370000000000000000e+02 5.143414268475398066e-01
6.380000000000000000e+02 6.247773372107168210e-01
6.390000000000000000e+02 9.502235800665606025e-01
6.400000000000000000e+02 5.830368569092854170e-01
6.410000000000000000e+02 9.154267829054689720e-01
6.420000000000000000e+02 1.938205522925594559e+00
6.430000000000000000e+02 8.903743611831732574e-01
6.440000000000000000e+02 8.623660292230609370e-01
6.450000000000000000e+02 1.465191621907782737e+00
6.460000000000000000e+02 7.723967111314116174e-01
6.470000000000000000e+02 8.716676587603704451e-01
6.480000000000000000e+02 8.997275180688619756e-01
6.490000000000000000e+02 8.635867492785536115e-01
6.500000000000000000e+02 1.223925206617080486e+00
6.510000000000000000e+02 1.209660434462335177e+00
6.520000000000000000e+02 8.643732593201080006e-01
6.530000000000000000e+02 8.049315939807484277e-01
6.540000000000000000e+02 1.401767062468060265e+00
6.550000000000000000e+02 8.815239127442399125e-01
6.560000000000000000e+02 6.299841557686373106e-01
6.570000000000000000e+02 5.819549476774390495e-01
6.580000000000000000e+02 1.221048458259045288e+00
6.590000000000000000e+02 1.393807664625335230e+00
6.600000000000000000e+02 1.201768667763332576e+00
6.610000000000000000e+02 6.840414716551523888e-01
6.620000000000000000e+02 1.830758493315890911e+00
6.630000000000000000e+02 9.078003153082184751e-01
6.640000000000000000e+02 1.184903619036549616e+00
6.650000000000000000e+02 1.119870912135347174e+00
6.660000000000000000e+02 1.112718062452942691e+00
6.670000000000000000e+02 1.166685675898790464e+00
6.680000000000000000e+02 7.080075653620917508e-01
6.690000000000000000e+02 8.251279177644896823e-01
6.700000000000000000e+02 1.241381244803919426e+00
6.710000000000000000e+02 7.982379668098658065e-01
6.720000000000000000e+02 9.130223574716916923e-01
6.730000000000000000e+02 6.355818243047796079e-01
6.740000000000000000e+02 9.359066851640794882e-01
6.750000000000000000e+02 7.587770229777419662e-01
6.760000000000000000e+02 8.285843886080715981e-01
6.770000000000000000e+02 9.730368045176053249e-01
6.780000000000000000e+02 1.065063247123323453e+00
6.790000000000000000e+02 9.223949834287179517e-01
6.800000000000000000e+02 8.582951285791385887e-01
6.810000000000000000e+02 1.040560783205549011e+00
6.820000000000000000e+02 1.376753930092611267e+00
6.830000000000000000e+02 1.204185060418634601e+00
6.840000000000000000e+02 8.377837366446166945e-01
6.850000000000000000e+02 8.154925419835296063e-01
6.860000000000000000e+02 9.193032734257985394e-01
6.870000000000000000e+02 6.065097089324175128e-01
6.880000000000000000e+02 6.777941124654066618e-01
6.890000000000000000e+02 9.533095124089309147e-01
6.900000000000000000e+02 8.524068108090390172e-01
6.910000000000000000e+02 7.787975843633622164e-01
6.920000000000000000e+02 6.552627463911070427e-01
6.930000000000000000e+02 1.097807623708930480e+00
6.940000000000000000e+02 1.505896320092115381e+00
6.950000000000000000e+02 9.897217414642363043e-01
6.960000000000000000e+02 9.954161044130142022e-01
6.970000000000000000e+02 1.540527810436222111e+00
6.980000000000000000e+02 1.437839318171305614e+00
6.990000000000000000e+02 7.289786993994279429e-01
7.000000000000000000e+02 1.370673344476648792e+00
7.010000000000000000e+02 9.067128222988170005e-01
7.020000000000000000e+02 6.900526835601249465e-01
7.030000000000000000e+02 7.303314521874051390e-01
7.040000000000000000e+02 9.338219701450122257e-01
7.050000000000000000e+02 1.101746308508654515e+00
7.060000000000000000e+02 9.874025349514909955e-01
7.070000000000000000e+02 1.907051809511857599e+00
7.080000000000000000e+02 1.553368032762279860e+00
7.090000000000000000e+02 1.287874841760589861e+00
7.100000000000000000e+02 8.213107267286242630e-01
7.110000000000000000e+02 1.298177116657809105e+00
7.120000000000000000e+02 5.439423339793291179e-01
7.130000000000000000e+02 7.177461128773466870e-01
7.140000000000000000e+02 1.072041093604701567e+00
7.150000000000000000e+02 9.595179138416457532e-01
7.160000000000000000e+02 6.547500712266973721e-01
7.170000000000000000e+02 9.078419253726695004e-01
7.180000000000000000e+02 1.469764273927111065e+00
7.190000000000000000e+02 1.395074667881565311e+00
7.200000000000000000e+02 6.210621820683569494e-01
7.210000000000000000e+02 4.467487059946836925e-01
7.220000000000000000e+02 1.551200869408071448e+00
7.230000000000000000e+02 1.056717349415845275e+00
7.240000000000000000e+02 1.573521044239114319e+00
7.250000000000000000e+02 9.675006211511838483e-01
7.260000000000000000e+02 1.359720968307915889e+00
7.270000000000000000e+02 6.535799075654117329e-01
7.280000000000000000e+02 7.514296919697743826e-01
7.290000000000000000e+02 8.990343729886969282e-01
7.300000000000000000e+02 1.129119735344372710e+00
7.310000000000000000e+02 8.824944257335356479e-01
7.320000000000000000e+02 6.660939314196491212e-01
7.330000000000000000e+02 6.321588045538999445e-01
7.340000000000000000e+02 1.694843684566007980e+00
7.350000000000000000e+02 1.292604598772142399e+00
7.360000000000000000e+02 1.131411530336041471e+00
7.370000000000000000e+02 2.843418652624984055e+00
7.380000000000000000e+02 9.622154648507398322e-01
7.390000000000000000e+02 1.871156004768033565e+00
7.400000000000000000e+02 1.260745358167900010e+00
7.410000000000000000e+02 1.309005545706637630e+00
7.420000000000000000e+02 1.418013212120400546e+00
7.430000000000000000e+02 7.740161290438497543e-01
7.440000000000000000e+02 1.163501064539718133e+00
7.450000000000000000e+02 1.137553112192146720e+00
7.460000000000000000e+02 1.350836111803632500e+00
7.470000000000000000e+02 9.532054010812623934e-01
7.480000000000000000e+02 8.847578699186094964e-01
