# realization, R_10 (parity assym measure for lmax=10)
8.740000000000000000e+02 1.649095708695747620e+00
8.750000000000000000e+02 9.073905944919816724e-01
8.760000000000000000e+02 9.502501738730777525e-01
8.770000000000000000e+02 1.573192067461816945e+00
8.780000000000000000e+02 1.463236926149433348e+00
8.790000000000000000e+02 8.692659814802785601e-01
8.800000000000000000e+02 7.636807894688899534e-01
8.810000000000000000e+02 1.018266400911650438e+00
8.820000000000000000e+02 1.583934612609099846e+00
8.830000000000000000e+02 6.717490840153639287e-01
8.840000000000000000e+02 6.722253179296919789e-01
8.850000000000000000e+02 1.049317464435464586e+00
8.860000000000000000e+02 2.061534639083342224e+00
8.870000000000000000e+02 1.384446840147421476e+00
8.880000000000000000e+02 1.222580846842798108e+00
8.890000000000000000e+02 7.382516036931453529e-01
8.900000000000000000e+02 1.796572803038535726e+00
8.910000000000000000e+02 1.107678190756575143e+00
8.920000000000000000e+02 1.617557298351214090e+00
8.930000000000000000e+02 2.056665492842863152e+00
8.940000000000000000e+02 1.353865497654582750e+00
8.950000000000000000e+02 1.170073995142930867e+00
8.960000000000000000e+02 7.188235881842057751e-01
8.970000000000000000e+02 1.682199771433545932e+00
8.980000000000000000e+02 2.624845078205092719e+00
8.990000000000000000e+02 1.086587646572208854e+00
9.000000000000000000e+02 8.211615780368916040e-01
9.010000000000000000e+02 1.421300261687106437e+00
9.020000000000000000e+02 1.506667955509527257e+00
9.030000000000000000e+02 1.240677039457782627e+00
9.040000000000000000e+02 9.818479835262732269e-01
9.050000000000000000e+02 9.702006982624017395e-01
9.060000000000000000e+02 1.558790926349012063e+00
9.070000000000000000e+02 9.925946574905999409e-01
9.080000000000000000e+02 9.957986351411711734e-01
9.090000000000000000e+02 1.039127697331517330e+00
9.100000000000000000e+02 8.458863862831907943e-01
9.110000000000000000e+02 1.870672906289083892e+00
9.120000000000000000e+02 6.837730303252785857e-01
9.130000000000000000e+02 1.377878889447508248e+00
9.140000000000000000e+02 1.086451540458162057e+00
9.150000000000000000e+02 6.848896926674954422e-01
9.160000000000000000e+02 6.070187407888554265e-01
9.170000000000000000e+02 9.123392845532705131e-01
9.180000000000000000e+02 1.217002229286547887e+00
9.190000000000000000e+02 9.571824863486849688e-01
9.200000000000000000e+02 1.139617375460447724e+00
9.210000000000000000e+02 1.435244478722350836e+00
9.220000000000000000e+02 1.089043157390632288e+00
9.230000000000000000e+02 1.314582603431392771e+00
9.240000000000000000e+02 1.031839963122475945e+00
9.250000000000000000e+02 8.819858424493769444e-01
9.260000000000000000e+02 7.793647114824959754e-01
9.270000000000000000e+02 1.363834353785524423e+00
9.280000000000000000e+02 5.062114937567928630e-01
9.290000000000000000e+02 1.265100712733456811e+00
9.300000000000000000e+02 9.531320760304693440e-01
9.310000000000000000e+02 1.280035722515837193e+00
9.320000000000000000e+02 4.233747797024123849e-01
9.330000000000000000e+02 1.224929708138978057e+00
9.340000000000000000e+02 5.169124927205004383e-01
9.350000000000000000e+02 1.272661793080535064e+00
9.360000000000000000e+02 4.681146435992269428e-01
9.370000000000000000e+02 1.238595895890656662e+00
9.380000000000000000e+02 9.630429127523767452e-01
9.390000000000000000e+02 6.768413202447669530e-01
9.400000000000000000e+02 1.638496883850629970e+00
9.410000000000000000e+02 1.085512369868122606e+00
9.420000000000000000e+02 6.394050548097941489e-01
9.430000000000000000e+02 1.157476770846299186e+00
9.440000000000000000e+02 1.205797280628797985e+00
9.450000000000000000e+02 1.518079678169435898e+00
9.460000000000000000e+02 1.076230789933642962e+00
9.470000000000000000e+02 8.780673364077428156e-01
9.480000000000000000e+02 1.783388775832954964e+00
9.490000000000000000e+02 7.519956345729027491e-01
9.500000000000000000e+02 1.695678381985352701e+00
9.510000000000000000e+02 1.760523539217458744e+00
9.520000000000000000e+02 9.669375065922907186e-01
9.530000000000000000e+02 1.346170020675064194e+00
9.540000000000000000e+02 9.861325894152772609e-01
9.550000000000000000e+02 1.202827585367558960e+00
9.560000000000000000e+02 1.541943057927805283e+00
9.570000000000000000e+02 1.250924923106446096e+00
9.580000000000000000e+02 1.250489673995875517e+00
9.590000000000000000e+02 1.079664572281476609e+00
9.600000000000000000e+02 6.427492051228187453e-01
9.610000000000000000e+02 1.473800598179536125e+00
9.620000000000000000e+02 4.896007388583484832e-01
9.630000000000000000e+02 8.981377561328711678e-01
9.640000000000000000e+02 1.681328404636218465e+00
9.650000000000000000e+02 9.143258182286035929e-01
9.660000000000000000e+02 7.839970407422957033e-01
9.670000000000000000e+02 8.479588317560795563e-01
9.680000000000000000e+02 8.004911873777925679e-01
9.690000000000000000e+02 6.627377489623810236e-01
9.700000000000000000e+02 1.563025031148835620e+00
9.710000000000000000e+02 1.320321773475160443e+00
9.720000000000000000e+02 1.661369185283568140e+00
9.730000000000000000e+02 1.645307668981422333e+00
9.740000000000000000e+02 1.421349554295431750e+00
9.750000000000000000e+02 8.943920977488853952e-01
9.760000000000000000e+02 1.005922241465489586e+00
9.770000000000000000e+02 1.008867180753035608e+00
9.780000000000000000e+02 1.285751977742313867e+00
9.790000000000000000e+02 8.983247928856764597e-01
9.800000000000000000e+02 8.929761505138459343e-01
9.810000000000000000e+02 1.124733752075604887e+00
9.820000000000000000e+02 9.697395394403292013e-01
9.830000000000000000e+02 1.218818983727319782e+00
9.840000000000000000e+02 1.345196891433324549e+00
9.850000000000000000e+02 1.892385121520108848e+00
9.860000000000000000e+02 1.027159204682222438e+00
9.870000000000000000e+02 1.011957088483743217e+00
9.880000000000000000e+02 1.149051360066236871e+00
9.890000000000000000e+02 1.120924426157989817e+00
9.900000000000000000e+02 7.345532368359242170e-01
9.910000000000000000e+02 1.056575126549997856e+00
9.920000000000000000e+02 8.643234103637461585e-01
9.930000000000000000e+02 1.343539833726946853e+00
9.940000000000000000e+02 1.251800772445725185e+00
9.950000000000000000e+02 1.339905769767106847e+00
9.960000000000000000e+02 1.117371567761444640e+00
9.970000000000000000e+02 6.557554778818185381e-01
9.980000000000000000e+02 1.534452052111008324e+00
9.990000000000000000e+02 7.998829454824665230e-01
