# realization, R_10 (parity assym measure for lmax=10)
1.240000000000000000e+02 2.580295974928218161e+00
1.250000000000000000e+02 8.623241583700355095e-01
1.260000000000000000e+02 1.698163905877435154e+00
1.270000000000000000e+02 1.120929560235915723e+00
1.280000000000000000e+02 4.380486932443506953e-01
1.290000000000000000e+02 8.449457319075345252e-01
1.300000000000000000e+02 9.419984477712832760e-01
1.310000000000000000e+02 7.355071400990639274e-01
1.320000000000000000e+02 4.196892288738195420e-01
1.330000000000000000e+02 9.257578564459072457e-01
1.340000000000000000e+02 6.556253075142457476e-01
1.350000000000000000e+02 7.790696049903302889e-01
1.360000000000000000e+02 1.123804674182732333e+00
1.370000000000000000e+02 6.665746811039986452e-01
1.380000000000000000e+02 9.655448265640510508e-01
1.390000000000000000e+02 8.478396486924701936e-01
1.400000000000000000e+02 1.006327303933736594e+00
1.410000000000000000e+02 9.321877051214423338e-01
1.420000000000000000e+02 8.946082437821524236e-01
1.430000000000000000e+02 1.223292484069496311e+00
1.440000000000000000e+02 1.323523493263272899e+00
1.450000000000000000e+02 1.135202560715300013e+00
1.460000000000000000e+02 1.258999788710053691e+00
1.470000000000000000e+02 7.544263512995268428e-01
1.480000000000000000e+02 9.451625016217788389e-01
1.490000000000000000e+02 2.898644149311265128e+00
1.500000000000000000e+02 1.734126244343475953e+00
1.510000000000000000e+02 9.340978129451954493e-01
1.520000000000000000e+02 1.025056279830753647e+00
1.530000000000000000e+02 1.084254937925776208e+00
1.540000000000000000e+02 1.122120987626070043e+00
1.550000000000000000e+02 1.286787807469331968e+00
1.560000000000000000e+02 8.628720052239264859e-01
1.570000000000000000e+02 9.219560673506481674e-01
1.580000000000000000e+02 1.030183609807568512e+00
1.590000000000000000e+02 6.886119181560195202e-01
1.600000000000000000e+02 7.847141814291171968e-01
1.610000000000000000e+02 1.106324636055885380e+00
1.620000000000000000e+02 1.085646262506137161e+00
1.630000000000000000e+02 1.552717846984880801e+00
1.640000000000000000e+02 1.066070524003115638e+00
1.650000000000000000e+02 1.246938159583331984e+00
1.660000000000000000e+02 1.324389883029163162e+00
1.670000000000000000e+02 1.085066704505832869e+00
1.680000000000000000e+02 8.211914751283994063e-01
1.690000000000000000e+02 8.923721711160668146e-01
1.700000000000000000e+02 9.069380955609668282e-01
1.710000000000000000e+02 6.659400400369149819e-01
1.720000000000000000e+02 7.131293192740867370e-01
1.730000000000000000e+02 1.009132690711672664e+00
1.740000000000000000e+02 8.183614360147704048e-01
1.750000000000000000e+02 1.214113863623230705e+00
1.760000000000000000e+02 1.129750813079655636e+00
1.770000000000000000e+02 7.606152672259273162e-01
1.780000000000000000e+02 1.348293665112464401e+00
1.790000000000000000e+02 5.547571678664146022e-01
1.800000000000000000e+02 1.913245229458510721e+00
1.810000000000000000e+02 1.566894227789140226e+00
1.820000000000000000e+02 1.493812835138456530e+00
1.830000000000000000e+02 1.116862134853707333e+00
1.840000000000000000e+02 9.484239099387710148e-01
1.850000000000000000e+02 1.042066962824699461e+00
1.860000000000000000e+02 4.915090148079788723e-01
1.870000000000000000e+02 1.128832216724218851e+00
1.880000000000000000e+02 9.146778277120415357e-01
1.890000000000000000e+02 8.571314536381560156e-01
1.900000000000000000e+02 1.854504480932642752e+00
1.910000000000000000e+02 9.786833835163585293e-01
1.920000000000000000e+02 1.006213809556395944e+00
1.930000000000000000e+02 1.388124923350523954e+00
1.940000000000000000e+02 8.775843921832492400e-01
1.950000000000000000e+02 6.722415213198049688e-01
1.960000000000000000e+02 1.472886099811045790e+00
1.970000000000000000e+02 1.311765332305857568e+00
1.980000000000000000e+02 8.629902623962077968e-01
1.990000000000000000e+02 1.005737719674772990e+00
2.000000000000000000e+02 8.679057986595456464e-01
2.010000000000000000e+02 9.355528059652028494e-01
2.020000000000000000e+02 8.793508344457473536e-01
2.030000000000000000e+02 1.153855902810506873e+00
2.040000000000000000e+02 1.132245743279528316e+00
2.050000000000000000e+02 9.784509476439733344e-01
2.060000000000000000e+02 7.347915922733021521e-01
2.070000000000000000e+02 1.243979426820967848e+00
2.080000000000000000e+02 5.479759775295690583e-01
2.090000000000000000e+02 2.310055009319191832e+00
2.100000000000000000e+02 1.054838910539054986e+00
2.110000000000000000e+02 5.982115012084310290e-01
2.120000000000000000e+02 6.736583361600866349e-01
2.130000000000000000e+02 1.385772631896725171e+00
2.140000000000000000e+02 5.182121677766233780e-01
2.150000000000000000e+02 1.154719386986406082e+00
2.160000000000000000e+02 6.696910632796618801e-01
2.170000000000000000e+02 1.043673922431451517e+00
2.180000000000000000e+02 6.249413346890138055e-01
2.190000000000000000e+02 1.252301199969158230e+00
2.200000000000000000e+02 7.158486656290943273e-01
2.210000000000000000e+02 8.920843797304091050e-01
2.220000000000000000e+02 6.660294336459533504e-01
2.230000000000000000e+02 8.529161411406687154e-01
2.240000000000000000e+02 1.485306504392238214e+00
2.250000000000000000e+02 1.070309095245343345e+00
2.260000000000000000e+02 5.763550756953784715e-01
2.270000000000000000e+02 1.317173995557235910e+00
2.280000000000000000e+02 1.599752882443834956e+00
2.290000000000000000e+02 2.099008999951918586e+00
2.300000000000000000e+02 1.105542474689154897e+00
2.310000000000000000e+02 3.157999368883412039e+00
2.320000000000000000e+02 1.352142280392542473e+00
2.330000000000000000e+02 1.060819119473988437e+00
2.340000000000000000e+02 1.040604845303249926e+00
2.350000000000000000e+02 8.231577744305906830e-01
2.360000000000000000e+02 9.109370240769002480e-01
2.370000000000000000e+02 1.264094777660622171e+00
2.380000000000000000e+02 1.255687991568686934e+00
2.390000000000000000e+02 1.265903184737348530e+00
2.400000000000000000e+02 7.719653556146005569e-01
2.410000000000000000e+02 6.500118484043130307e-01
2.420000000000000000e+02 8.166052977890859710e-01
2.430000000000000000e+02 7.588338188131901196e-01
2.440000000000000000e+02 9.089050152284908757e-01
2.450000000000000000e+02 1.385502704289605314e+00
2.460000000000000000e+02 7.277159237032776451e-01
2.470000000000000000e+02 1.514027554774617812e+00
2.480000000000000000e+02 1.619320930132525316e+00
