# realization, R_10 (parity assym measure for lmax=10)
7.490000000000000000e+02 1.408130879945594272e+00
7.500000000000000000e+02 1.225830165318253062e+00
7.510000000000000000e+02 1.504103755701298617e+00
7.520000000000000000e+02 8.180023452144565832e-01
7.530000000000000000e+02 9.164111236143910322e-01
7.540000000000000000e+02 1.199489475411177786e+00
7.550000000000000000e+02 6.209550689654309563e-01
7.560000000000000000e+02 1.227970500231559736e+00
7.570000000000000000e+02 1.005631068560698838e+00
7.580000000000000000e+02 8.273705582472331566e-01
7.590000000000000000e+02 1.411001641169418175e+00
7.600000000000000000e+02 1.627454076166173103e+00
7.610000000000000000e+02 5.057007568054092683e-01
7.620000000000000000e+02 1.016858080147570398e+00
7.630000000000000000e+02 1.467675167602775277e+00
7.640000000000000000e+02 9.758702689135391184e-01
7.650000000000000000e+02 1.339619062609010536e+00
7.660000000000000000e+02 9.721581259975669020e-01
7.670000000000000000e+02 1.574119191265885842e+00
7.680000000000000000e+02 6.407917458314256187e-01
7.690000000000000000e+02 9.772533570940447056e-01
7.700000000000000000e+02 1.229432619025947027e+00
7.710000000000000000e+02 2.454210011415118409e+00
7.720000000000000000e+02 1.062438195776286065e+00
7.730000000000000000e+02 8.213763137809731996e-01
7.740000000000000000e+02 2.028218847583096451e+00
7.750000000000000000e+02 9.706895683132221730e-01
7.760000000000000000e+02 1.807999583980873570e+00
7.770000000000000000e+02 1.375290070767025474e+00
7.780000000000000000e+02 1.670838561993857940e+00
7.790000000000000000e+02 9.055542710537318740e-01
7.800000000000000000e+02 5.803941160262571231e-01
7.810000000000000000e+02 9.273787841499948614e-01
7.820000000000000000e+02 1.272216379135308051e+00
7.830000000000000000e+02 9.853877279274049217e-01
7.840000000000000000e+02 1.077801019676648320e+00
7.850000000000000000e+02 1.213005965306790612e+00
7.860000000000000000e+02 8.209472427026707209e-01
7.870000000000000000e+02 1.536199221678670623e+00
7.880000000000000000e+02 1.208165921472834636e+00
7.890000000000000000e+02 6.276098101472589175e-01
7.900000000000000000e+02 8.715117052993380797e-01
7.910000000000000000e+02 8.474838981668332272e-01
7.920000000000000000e+02 1.166568703429254672e+00
7.930000000000000000e+02 1.233775513378807309e+00
7.940000000000000000e+02 1.168918326903192639e+00
7.950000000000000000e+02 1.306609778261039745e+00
7.960000000000000000e+02 1.293939206035292555e+00
7.970000000000000000e+02 1.218113183848935188e+00
7.980000000000000000e+02 1.181766784649303847e+00
7.990000000000000000e+02 1.353523284578946884e+00
8.000000000000000000e+02 1.357922881169313145e+00
8.010000000000000000e+02 1.014625939642010533e+00
8.020000000000000000e+02 1.431248726084064948e+00
8.030000000000000000e+02 1.289519672911964232e+00
8.040000000000000000e+02 7.300811916893952258e-01
8.050000000000000000e+02 1.054094057175263499e+00
8.060000000000000000e+02 2.221898621077786906e+00
8.070000000000000000e+02 7.871805888204725932e-01
8.080000000000000000e+02 9.911234542352215238e-01
8.090000000000000000e+02 1.174235971247353127e+00
8.100000000000000000e+02 2.038968069451954523e+00
8.110000000000000000e+02 1.448861135541218204e+00
8.120000000000000000e+02 1.424841603534486856e+00
8.130000000000000000e+02 1.269875321436408466e+00
8.140000000000000000e+02 2.385972464168916396e+00
8.150000000000000000e+02 9.510006157096599910e-01
8.160000000000000000e+02 6.336658654258116030e-01
8.170000000000000000e+02 9.774351714645155287e-01
8.180000000000000000e+02 1.138635581236752792e+00
8.190000000000000000e+02 1.395956889918837929e+00
8.200000000000000000e+02 5.701567417163041496e-01
8.210000000000000000e+02 1.009382138214951263e+00
8.220000000000000000e+02 8.581243518121054459e-01
8.230000000000000000e+02 9.622148548048206074e-01
8.240000000000000000e+02 1.294102390883019149e+00
8.250000000000000000e+02 1.467549266096004335e+00
8.260000000000000000e+02 1.373876934721318444e+00
8.270000000000000000e+02 9.669773576945343008e-01
8.280000000000000000e+02 1.162480083701898703e+00
8.290000000000000000e+02 7.575035624451226246e-01
8.300000000000000000e+02 1.352210885620057423e+00
8.310000000000000000e+02 5.315949005232240010e-01
8.320000000000000000e+02 1.999312207927762097e+00
8.330000000000000000e+02 3.774190418281888060e-01
8.340000000000000000e+02 1.275452797774499381e+00
8.350000000000000000e+02 1.034346443332222698e+00
8.360000000000000000e+02 8.522440123010913693e-01
8.370000000000000000e+02 7.759513869800439556e-01
8.380000000000000000e+02 1.300829250884922850e+00
8.390000000000000000e+02 1.308323859488826679e+00
8.400000000000000000e+02 9.730053629109784996e-01
8.410000000000000000e+02 1.171603982389047616e+00
8.420000000000000000e+02 1.064547612822911882e+00
8.430000000000000000e+02 1.121776242718601990e+00
8.440000000000000000e+02 1.133253637071177655e+00
8.450000000000000000e+02 1.409074970855850539e+00
8.460000000000000000e+02 1.420122627606962729e+00
8.470000000000000000e+02 1.827035148536988451e+00
8.480000000000000000e+02 4.253332893831300310e-01
8.490000000000000000e+02 1.106154323312218413e+00
8.500000000000000000e+02 7.242633039912880211e-01
8.510000000000000000e+02 7.872417281654763288e-01
8.520000000000000000e+02 1.109080240913210336e+00
8.530000000000000000e+02 1.136324306070931378e+00
8.540000000000000000e+02 1.454607255496109586e+00
8.550000000000000000e+02 2.262467473089472048e+00
8.560000000000000000e+02 1.124445744683132631e+00
8.570000000000000000e+02 1.792899742305493760e+00
8.580000000000000000e+02 1.392636564404806210e+00
8.590000000000000000e+02 9.373364643236929972e-01
8.600000000000000000e+02 8.823190104675626699e-01
8.610000000000000000e+02 6.524108384556005502e-01
8.620000000000000000e+02 1.390908132628092542e+00
8.630000000000000000e+02 9.828508003173159757e-01
8.640000000000000000e+02 9.698618304111904509e-01
8.650000000000000000e+02 1.285436652656672285e+00
8.660000000000000000e+02 6.026245415378793657e-01
8.670000000000000000e+02 1.444188259196641066e+00
8.680000000000000000e+02 8.693330602996434120e-01
8.690000000000000000e+02 1.305174512877220971e+00
8.700000000000000000e+02 5.003292476336758110e-01
8.710000000000000000e+02 9.968075487547745084e-01
8.720000000000000000e+02 8.186828828919262557e-01
8.730000000000000000e+02 1.102919291605771290e+00
