# realization, R_28 (parity assym measure for lmax=27)
8.740000000000000000e+02 1.095876805791307307e+00
8.750000000000000000e+02 9.677710444112860300e-01
8.760000000000000000e+02 1.139411566438716994e+00
8.770000000000000000e+02 1.253165154200312381e+00
8.780000000000000000e+02 9.738151755352746353e-01
8.790000000000000000e+02 8.314867410987889507e-01
8.800000000000000000e+02 7.651967113826235733e-01
8.810000000000000000e+02 1.126624444221030474e+00
8.820000000000000000e+02 1.167562105786069893e+00
8.830000000000000000e+02 8.643193441516752173e-01
8.840000000000000000e+02 8.413556586143093874e-01
8.850000000000000000e+02 1.024992861428291935e+00
8.860000000000000000e+02 1.176502353266120959e+00
8.870000000000000000e+02 1.104165440918084773e+00
8.880000000000000000e+02 1.034546953082950971e+00
8.890000000000000000e+02 9.387490793717629955e-01
8.900000000000000000e+02 1.207559030153954938e+00
8.910000000000000000e+02 9.513024719415003050e-01
8.920000000000000000e+02 1.036757265219180546e+00
8.930000000000000000e+02 1.308561021698303461e+00
8.940000000000000000e+02 1.179443992589941592e+00
8.950000000000000000e+02 1.215941057419221760e+00
8.960000000000000000e+02 7.983015693045321104e-01
8.970000000000000000e+02 1.240200543211861239e+00
8.980000000000000000e+02 1.426580583260018242e+00
8.990000000000000000e+02 9.565187372922627773e-01
9.000000000000000000e+02 8.430007294212942259e-01
9.010000000000000000e+02 1.108083423690439329e+00
9.020000000000000000e+02 1.181356272797003948e+00
9.030000000000000000e+02 1.064474082163945790e+00
9.040000000000000000e+02 1.065866342759349994e+00
9.050000000000000000e+02 9.504262998931736206e-01
9.060000000000000000e+02 1.308394732536626304e+00
9.070000000000000000e+02 9.337606390599492157e-01
9.080000000000000000e+02 1.159518077368077327e+00
9.090000000000000000e+02 1.003495235897274407e+00
9.100000000000000000e+02 1.131583610717039168e+00
9.110000000000000000e+02 1.237807946807358395e+00
9.120000000000000000e+02 1.070621394024075856e+00
9.130000000000000000e+02 9.803542859784089014e-01
9.140000000000000000e+02 1.122510201854748813e+00
9.150000000000000000e+02 8.406089796387137270e-01
9.160000000000000000e+02 8.742660610530523790e-01
9.170000000000000000e+02 1.085550867521275498e+00
9.180000000000000000e+02 1.033681932914618962e+00
9.190000000000000000e+02 9.071700612560853472e-01
9.200000000000000000e+02 1.144463358847100043e+00
9.210000000000000000e+02 1.245070622063245702e+00
9.220000000000000000e+02 9.428260417613972821e-01
9.230000000000000000e+02 1.158598833814864948e+00
9.240000000000000000e+02 9.760617914714366794e-01
9.250000000000000000e+02 1.096718353439833482e+00
9.260000000000000000e+02 8.287925323732617811e-01
9.270000000000000000e+02 9.951253844720232555e-01
9.280000000000000000e+02 7.716844675805888398e-01
9.290000000000000000e+02 1.186538308340635561e+00
9.300000000000000000e+02 9.881603801510825402e-01
9.310000000000000000e+02 9.667358617876066207e-01
9.320000000000000000e+02 7.674542731162813380e-01
9.330000000000000000e+02 1.111730347286248533e+00
9.340000000000000000e+02 8.216998653196949665e-01
9.350000000000000000e+02 1.120159676892016565e+00
9.360000000000000000e+02 8.491009262994628770e-01
9.370000000000000000e+02 1.207659279046778611e+00
9.380000000000000000e+02 9.588803339704946582e-01
9.390000000000000000e+02 9.091739156395294286e-01
9.400000000000000000e+02 1.170414229702224862e+00
9.410000000000000000e+02 1.005623431879305363e+00
9.420000000000000000e+02 9.815523124035736569e-01
9.430000000000000000e+02 1.026261558761465853e+00
9.440000000000000000e+02 1.151587605040644391e+00
9.450000000000000000e+02 1.206345342306733182e+00
9.460000000000000000e+02 1.082020749639759138e+00
9.470000000000000000e+02 8.465839698808748093e-01
9.480000000000000000e+02 1.064975638753025144e+00
9.490000000000000000e+02 8.832870573497417777e-01
9.500000000000000000e+02 1.142220439853873337e+00
9.510000000000000000e+02 1.105900829462226120e+00
9.520000000000000000e+02 1.145516926915763900e+00
9.530000000000000000e+02 9.911502838513246427e-01
9.540000000000000000e+02 1.039516818661438968e+00
9.550000000000000000e+02 1.122210121629279467e+00
9.560000000000000000e+02 9.845587087316660657e-01
9.570000000000000000e+02 9.037779285560200160e-01
9.580000000000000000e+02 1.130782183883410674e+00
9.590000000000000000e+02 1.085886616783182212e+00
9.600000000000000000e+02 9.077957080109317900e-01
9.610000000000000000e+02 1.070876719372561015e+00
9.620000000000000000e+02 7.862617203808159871e-01
9.630000000000000000e+02 9.370158254270147813e-01
9.640000000000000000e+02 1.041463321488134586e+00
9.650000000000000000e+02 9.829091987544487097e-01
9.660000000000000000e+02 1.007977876533625139e+00
9.670000000000000000e+02 9.986350293006523993e-01
9.680000000000000000e+02 8.983466411570847354e-01
9.690000000000000000e+02 8.866076822562387605e-01
9.700000000000000000e+02 9.633960921683840661e-01
9.710000000000000000e+02 1.001642168337961269e+00
9.720000000000000000e+02 9.835265628208672561e-01
9.730000000000000000e+02 1.198287824440156024e+00
9.740000000000000000e+02 1.019617527770585896e+00
9.750000000000000000e+02 8.917003984344734624e-01
9.760000000000000000e+02 1.226800046256900201e+00
9.770000000000000000e+02 1.000237743773624510e+00
9.780000000000000000e+02 1.030845307831252944e+00
9.790000000000000000e+02 1.086139957404438361e+00
9.800000000000000000e+02 9.303450958553743932e-01
9.810000000000000000e+02 9.371110429543580977e-01
9.820000000000000000e+02 1.003513478507424450e+00
9.830000000000000000e+02 1.256741265081174896e+00
9.840000000000000000e+02 9.199347048997023046e-01
9.850000000000000000e+02 1.248007826819956589e+00
9.860000000000000000e+02 7.576789210774584893e-01
9.870000000000000000e+02 9.678140974914970496e-01
9.880000000000000000e+02 9.919993803391299325e-01
9.890000000000000000e+02 1.163602702918507203e+00
9.900000000000000000e+02 8.586212347898033448e-01
9.910000000000000000e+02 9.140920365768825384e-01
9.920000000000000000e+02 1.003402725046434130e+00
9.930000000000000000e+02 1.269670278259374729e+00
9.940000000000000000e+02 1.079008326439358401e+00
9.950000000000000000e+02 1.160203945445159812e+00
9.960000000000000000e+02 1.001873264840452471e+00
9.970000000000000000e+02 1.017371384317154570e+00
9.980000000000000000e+02 1.381168452094168053e+00
9.990000000000000000e+02 9.636317515543442180e-01
