# realization, R_28 (parity assym measure for lmax=27)
1.240000000000000000e+02 1.048237860268078414e+00
1.250000000000000000e+02 9.606583592930731941e-01
1.260000000000000000e+02 1.011712991481245938e+00
1.270000000000000000e+02 1.099263635762836477e+00
1.280000000000000000e+02 9.276465657212340510e-01
1.290000000000000000e+02 9.361304887397491337e-01
1.300000000000000000e+02 1.023011850320670435e+00
1.310000000000000000e+02 9.578369567664237749e-01
1.320000000000000000e+02 7.307500628947914967e-01
1.330000000000000000e+02 9.328365593115641730e-01
1.340000000000000000e+02 8.076201212528314466e-01
1.350000000000000000e+02 9.087288446299978117e-01
1.360000000000000000e+02 9.043840327405708868e-01
1.370000000000000000e+02 1.027522381902718163e+00
1.380000000000000000e+02 1.105516445573093920e+00
1.390000000000000000e+02 8.992689036693451987e-01
1.400000000000000000e+02 1.064174439317531196e+00
1.410000000000000000e+02 9.057210161404950499e-01
1.420000000000000000e+02 8.907136906970772872e-01
1.430000000000000000e+02 1.005642693389629860e+00
1.440000000000000000e+02 1.124516761968611833e+00
1.450000000000000000e+02 9.640293428766236739e-01
1.460000000000000000e+02 1.210578057729416068e+00
1.470000000000000000e+02 9.314469836523558977e-01
1.480000000000000000e+02 1.111417936509512927e+00
1.490000000000000000e+02 1.487558298032307658e+00
1.500000000000000000e+02 1.216341776400063468e+00
1.510000000000000000e+02 9.319504019337114809e-01
1.520000000000000000e+02 9.588168988434326856e-01
1.530000000000000000e+02 1.035998173060574734e+00
1.540000000000000000e+02 1.091638095581502599e+00
1.550000000000000000e+02 9.965460925184668195e-01
1.560000000000000000e+02 1.097845745568420961e+00
1.570000000000000000e+02 8.910590588593043648e-01
1.580000000000000000e+02 1.050126521389345591e+00
1.590000000000000000e+02 7.442189939774129792e-01
1.600000000000000000e+02 9.201605600508401261e-01
1.610000000000000000e+02 1.098316165439942482e+00
1.620000000000000000e+02 1.110344859072425416e+00
1.630000000000000000e+02 1.091814009509504579e+00
1.640000000000000000e+02 9.026856210108306078e-01
1.650000000000000000e+02 8.423440720014100380e-01
1.660000000000000000e+02 1.215935909010290139e+00
1.670000000000000000e+02 1.088848177974624853e+00
1.680000000000000000e+02 9.399132770990137331e-01
1.690000000000000000e+02 8.813537836308110718e-01
1.700000000000000000e+02 1.062571548551840328e+00
1.710000000000000000e+02 7.710176124036217660e-01
1.720000000000000000e+02 9.366567278322687207e-01
1.730000000000000000e+02 1.014154593456228826e+00
1.740000000000000000e+02 1.086105515454329762e+00
1.750000000000000000e+02 1.059493617090565332e+00
1.760000000000000000e+02 1.209199212483063279e+00
1.770000000000000000e+02 8.056315342264008805e-01
1.780000000000000000e+02 1.202254683793113843e+00
1.790000000000000000e+02 8.932053079728928813e-01
1.800000000000000000e+02 1.023205521298786058e+00
1.810000000000000000e+02 1.135463623348383466e+00
1.820000000000000000e+02 1.084409982232505509e+00
1.830000000000000000e+02 1.085216465263199259e+00
1.840000000000000000e+02 9.364929038617484380e-01
1.850000000000000000e+02 9.619308738850942397e-01
1.860000000000000000e+02 8.433761488233865178e-01
1.870000000000000000e+02 1.165142517705604286e+00
1.880000000000000000e+02 1.033683110837994690e+00
1.890000000000000000e+02 1.088652036921886168e+00
1.900000000000000000e+02 9.494297242789344615e-01
1.910000000000000000e+02 7.658189938607408154e-01
1.920000000000000000e+02 8.597358351626193107e-01
1.930000000000000000e+02 8.875141557147389060e-01
1.940000000000000000e+02 1.261730525023357030e+00
1.950000000000000000e+02 9.016323003069924846e-01
1.960000000000000000e+02 1.113318094425963523e+00
1.970000000000000000e+02 1.268286303172112550e+00
1.980000000000000000e+02 8.354886840157830230e-01
1.990000000000000000e+02 7.279191589545827012e-01
2.000000000000000000e+02 9.156431319580143890e-01
2.010000000000000000e+02 8.575330912045472376e-01
2.020000000000000000e+02 9.324596279736770965e-01
2.030000000000000000e+02 9.930412552679137583e-01
2.040000000000000000e+02 1.003305628155244156e+00
2.050000000000000000e+02 1.066150920093785093e+00
2.060000000000000000e+02 8.392996622972498377e-01
2.070000000000000000e+02 1.036959194981166288e+00
2.080000000000000000e+02 8.627886284994746857e-01
2.090000000000000000e+02 1.386403582834139447e+00
2.100000000000000000e+02 1.022234400166784907e+00
2.110000000000000000e+02 8.067329074133707811e-01
2.120000000000000000e+02 9.224420973981470873e-01
2.130000000000000000e+02 9.597211882682528117e-01
2.140000000000000000e+02 8.530146575117744101e-01
2.150000000000000000e+02 1.011278740479479854e+00
2.160000000000000000e+02 8.044612376700204237e-01
2.170000000000000000e+02 8.312869568749984284e-01
2.180000000000000000e+02 8.988926605904272726e-01
2.190000000000000000e+02 1.036372084552181771e+00
2.200000000000000000e+02 8.890767078442310956e-01
2.210000000000000000e+02 1.042948293820235239e+00
2.220000000000000000e+02 8.874071313971346742e-01
2.230000000000000000e+02 9.502826741818591882e-01
2.240000000000000000e+02 1.207924832879010202e+00
2.250000000000000000e+02 1.063390901294340773e+00
2.260000000000000000e+02 8.803818594260061081e-01
2.270000000000000000e+02 1.342042773178748316e+00
2.280000000000000000e+02 9.974510900558524185e-01
2.290000000000000000e+02 1.111564162950714252e+00
2.300000000000000000e+02 9.054617272196117117e-01
2.310000000000000000e+02 1.264477194507313884e+00
2.320000000000000000e+02 9.972157462131457928e-01
2.330000000000000000e+02 9.689262565166397723e-01
2.340000000000000000e+02 9.397962368643619779e-01
2.350000000000000000e+02 8.662755893648640404e-01
2.360000000000000000e+02 7.387653631601283077e-01
2.370000000000000000e+02 1.184402657647049661e+00
2.380000000000000000e+02 1.207122839467099862e+00
2.390000000000000000e+02 1.070196229976138502e+00
2.400000000000000000e+02 7.508194917280471836e-01
2.410000000000000000e+02 8.517413813667582545e-01
2.420000000000000000e+02 8.361250289510075984e-01
2.430000000000000000e+02 1.021431339545209260e+00
2.440000000000000000e+02 1.002171590172240556e+00
2.450000000000000000e+02 1.141117569355063699e+00
2.460000000000000000e+02 8.827367453724593860e-01
2.470000000000000000e+02 1.029821412385043988e+00
2.480000000000000000e+02 1.187421012555530009e+00
