# realization, R_28 (parity assym measure for lmax=27)
6.240000000000000000e+02 8.238001938802543833e-01
6.250000000000000000e+02 1.262557016153337708e+00
6.260000000000000000e+02 9.974781798828474821e-01
6.270000000000000000e+02 1.116168405641842831e+00
6.280000000000000000e+02 9.212403570996015034e-01
6.290000000000000000e+02 1.056806727713356597e+00
6.300000000000000000e+02 7.605370113497116336e-01
6.310000000000000000e+02 8.961847938632131472e-01
6.320000000000000000e+02 8.145712342740549783e-01
6.330000000000000000e+02 1.192037494282037757e+00
6.340000000000000000e+02 1.016895813857554121e+00
6.350000000000000000e+02 8.331050870194632862e-01
6.360000000000000000e+02 8.951905144904160894e-01
6.370000000000000000e+02 7.685425636644662717e-01
6.380000000000000000e+02 8.513259002683947196e-01
6.390000000000000000e+02 1.012156735221656723e+00
6.400000000000000000e+02 7.042133592186676783e-01
6.410000000000000000e+02 9.892653729010281172e-01
6.420000000000000000e+02 1.098536490223272821e+00
6.430000000000000000e+02 8.349156660163151722e-01
6.440000000000000000e+02 9.429934261442343146e-01
6.450000000000000000e+02 9.703860405761313146e-01
6.460000000000000000e+02 9.142433116101086332e-01
6.470000000000000000e+02 1.135166408425234197e+00
6.480000000000000000e+02 8.430214711906665048e-01
6.490000000000000000e+02 1.028441780178953602e+00
6.500000000000000000e+02 1.201392706374265540e+00
6.510000000000000000e+02 1.059492872948424758e+00
6.520000000000000000e+02 9.683763199676205247e-01
6.530000000000000000e+02 1.004121873690031919e+00
6.540000000000000000e+02 1.070925960660759957e+00
6.550000000000000000e+02 8.805412662730981443e-01
6.560000000000000000e+02 1.037176825070573738e+00
6.570000000000000000e+02 7.839250559001683660e-01
6.580000000000000000e+02 1.014730371117867458e+00
6.590000000000000000e+02 9.318099150943390807e-01
6.600000000000000000e+02 1.110125141121492520e+00
6.610000000000000000e+02 8.284431670784800916e-01
6.620000000000000000e+02 1.473516246324031886e+00
6.630000000000000000e+02 9.699244247382101669e-01
6.640000000000000000e+02 1.079666163773367549e+00
6.650000000000000000e+02 7.604474035676315191e-01
6.660000000000000000e+02 1.106083720375827140e+00
6.670000000000000000e+02 1.080515632637131462e+00
6.680000000000000000e+02 7.582306003547514273e-01
6.690000000000000000e+02 8.746179953460891943e-01
6.700000000000000000e+02 1.409509409466160657e+00
6.710000000000000000e+02 7.289284385145904377e-01
6.720000000000000000e+02 1.026483447466240317e+00
6.730000000000000000e+02 9.533417480156199941e-01
6.740000000000000000e+02 7.799689236725688701e-01
6.750000000000000000e+02 9.857230427141112639e-01
6.760000000000000000e+02 1.074864661146251343e+00
6.770000000000000000e+02 9.051729974161084602e-01
6.780000000000000000e+02 1.118398149496667937e+00
6.790000000000000000e+02 9.198062170206092736e-01
6.800000000000000000e+02 7.964090920929894901e-01
6.810000000000000000e+02 1.179824000463919997e+00
6.820000000000000000e+02 1.087121792996265990e+00
6.830000000000000000e+02 9.343645469501233869e-01
6.840000000000000000e+02 1.080137717375938555e+00
6.850000000000000000e+02 9.481444251405954926e-01
6.860000000000000000e+02 1.014556532542762124e+00
6.870000000000000000e+02 8.779188866445509776e-01
6.880000000000000000e+02 7.722329027996102102e-01
6.890000000000000000e+02 1.046576870930057357e+00
6.900000000000000000e+02 8.467317251631956143e-01
6.910000000000000000e+02 9.189144168866804074e-01
6.920000000000000000e+02 8.383378284822550208e-01
6.930000000000000000e+02 9.316872693720317233e-01
6.940000000000000000e+02 1.334114036820933658e+00
6.950000000000000000e+02 9.461039993413783433e-01
6.960000000000000000e+02 1.131708728822961918e+00
6.970000000000000000e+02 1.179125158479165103e+00
6.980000000000000000e+02 9.546924785631262234e-01
6.990000000000000000e+02 9.152633294432818145e-01
7.000000000000000000e+02 1.250644652841667259e+00
7.010000000000000000e+02 1.031561212500465174e+00
7.020000000000000000e+02 8.441824477144485028e-01
7.030000000000000000e+02 8.444372335107531713e-01
7.040000000000000000e+02 9.095562782796982049e-01
7.050000000000000000e+02 1.007694015808268340e+00
7.060000000000000000e+02 1.211933961738607124e+00
7.070000000000000000e+02 1.241058157234669723e+00
7.080000000000000000e+02 1.405909254414016152e+00
7.090000000000000000e+02 1.107127296954290907e+00
7.100000000000000000e+02 9.688222411931661782e-01
7.110000000000000000e+02 1.012464932423146280e+00
7.120000000000000000e+02 7.953658933543543696e-01
7.130000000000000000e+02 8.344129186188791181e-01
7.140000000000000000e+02 1.006660967885795399e+00
7.150000000000000000e+02 1.077192851344063840e+00
7.160000000000000000e+02 8.159895914436473552e-01
7.170000000000000000e+02 1.128234644484137794e+00
7.180000000000000000e+02 9.482662497335230256e-01
7.190000000000000000e+02 1.164577241629119353e+00
7.200000000000000000e+02 8.441950950411770682e-01
7.210000000000000000e+02 7.798360793622866050e-01
7.220000000000000000e+02 1.115713171925830638e+00
7.230000000000000000e+02 1.139299072514756039e+00
7.240000000000000000e+02 8.915354769321860440e-01
7.250000000000000000e+02 1.119433046097390472e+00
7.260000000000000000e+02 1.257775787714764837e+00
7.270000000000000000e+02 9.341859374552848871e-01
7.280000000000000000e+02 9.063961176384710550e-01
7.290000000000000000e+02 7.837001280988739049e-01
7.300000000000000000e+02 9.800471538760794354e-01
7.310000000000000000e+02 1.044210899817421545e+00
7.320000000000000000e+02 8.368889572152050649e-01
7.330000000000000000e+02 8.511017535320724026e-01
7.340000000000000000e+02 1.035837773332885403e+00
7.350000000000000000e+02 9.577885081882244744e-01
7.360000000000000000e+02 9.838555582981161063e-01
7.370000000000000000e+02 1.502007064491263755e+00
7.380000000000000000e+02 8.819969429034093533e-01
7.390000000000000000e+02 9.687219976650138786e-01
7.400000000000000000e+02 9.302231719924649589e-01
7.410000000000000000e+02 9.239283214800877442e-01
7.420000000000000000e+02 1.124299285032230200e+00
7.430000000000000000e+02 1.025727546184403760e+00
7.440000000000000000e+02 1.068001587016264464e+00
7.450000000000000000e+02 8.844646059103161706e-01
7.460000000000000000e+02 1.358479570045580731e+00
7.470000000000000000e+02 1.164212200580650336e+00
7.480000000000000000e+02 7.994247386466457606e-01
