# realization, R_28 (parity assym measure for lmax=27)
7.490000000000000000e+02 1.012478476758308377e+00
7.500000000000000000e+02 1.049515184840323023e+00
7.510000000000000000e+02 1.353035643619167283e+00
7.520000000000000000e+02 9.412841508588949413e-01
7.530000000000000000e+02 8.755233377589538568e-01
7.540000000000000000e+02 1.083817813073973513e+00
7.550000000000000000e+02 8.371114099429461941e-01
7.560000000000000000e+02 1.083997484169012537e+00
7.570000000000000000e+02 8.694000970546779117e-01
7.580000000000000000e+02 9.123480563614962957e-01
7.590000000000000000e+02 1.155541335904589628e+00
7.600000000000000000e+02 1.022895731557170951e+00
7.610000000000000000e+02 6.670090709816280938e-01
7.620000000000000000e+02 9.697766837426018416e-01
7.630000000000000000e+02 1.028342425123415227e+00
7.640000000000000000e+02 1.159242385559508426e+00
7.650000000000000000e+02 1.070388909691067481e+00
7.660000000000000000e+02 1.113372751690263396e+00
7.670000000000000000e+02 1.189191987229690328e+00
7.680000000000000000e+02 9.716110572627486563e-01
7.690000000000000000e+02 9.734017079579107001e-01
7.700000000000000000e+02 1.239208224210756715e+00
7.710000000000000000e+02 1.064065391353803181e+00
7.720000000000000000e+02 1.000936612198130682e+00
7.730000000000000000e+02 7.508515685596508504e-01
7.740000000000000000e+02 1.285049045363727105e+00
7.750000000000000000e+02 8.924701314540791630e-01
7.760000000000000000e+02 1.354741185176760121e+00
7.770000000000000000e+02 1.170123878107019788e+00
7.780000000000000000e+02 1.168411254943026112e+00
7.790000000000000000e+02 8.515582194946320627e-01
7.800000000000000000e+02 7.740958513511138062e-01
7.810000000000000000e+02 1.028598618978488144e+00
7.820000000000000000e+02 1.022759587808491188e+00
7.830000000000000000e+02 1.069527861040958205e+00
7.840000000000000000e+02 9.072237807982898028e-01
7.850000000000000000e+02 9.091079160001935833e-01
7.860000000000000000e+02 7.765586956983077105e-01
7.870000000000000000e+02 1.229071992145051251e+00
7.880000000000000000e+02 1.271052245454276752e+00
7.890000000000000000e+02 8.106144808244679645e-01
7.900000000000000000e+02 1.060001704398155997e+00
7.910000000000000000e+02 8.618547066164103931e-01
7.920000000000000000e+02 9.406050107164417584e-01
7.930000000000000000e+02 1.034601347008881955e+00
7.940000000000000000e+02 1.120106478956568896e+00
7.950000000000000000e+02 1.175683988322163254e+00
7.960000000000000000e+02 1.146768430281920770e+00
7.970000000000000000e+02 1.125823498416834045e+00
7.980000000000000000e+02 1.120003613502951856e+00
7.990000000000000000e+02 1.012311501290232618e+00
8.000000000000000000e+02 1.154865387798384102e+00
8.010000000000000000e+02 1.042292190015904341e+00
8.020000000000000000e+02 1.042884114934132578e+00
8.030000000000000000e+02 9.176352091339231576e-01
8.040000000000000000e+02 8.648494607950157897e-01
8.050000000000000000e+02 1.008541179781868413e+00
8.060000000000000000e+02 1.078309722622936340e+00
8.070000000000000000e+02 8.942996172843007407e-01
8.080000000000000000e+02 1.045236381045203444e+00
8.090000000000000000e+02 1.154573680952510673e+00
8.100000000000000000e+02 1.095875720153077992e+00
8.110000000000000000e+02 1.130232663006090599e+00
8.120000000000000000e+02 1.196072290097594415e+00
8.130000000000000000e+02 1.093620010458658642e+00
8.140000000000000000e+02 1.279492936796255531e+00
8.150000000000000000e+02 1.061368730126239557e+00
8.160000000000000000e+02 8.126105891902529743e-01
8.170000000000000000e+02 7.071178847666749201e-01
8.180000000000000000e+02 1.053831735483983012e+00
8.190000000000000000e+02 1.043116545375778914e+00
8.200000000000000000e+02 7.727768527332519177e-01
8.210000000000000000e+02 9.489867630469255300e-01
8.220000000000000000e+02 8.166193848653438003e-01
8.230000000000000000e+02 1.066795799563950098e+00
8.240000000000000000e+02 9.368157383943902516e-01
8.250000000000000000e+02 1.099605146079195794e+00
8.260000000000000000e+02 1.102920885759106628e+00
8.270000000000000000e+02 8.107372271594701640e-01
8.280000000000000000e+02 7.571166719280125745e-01
8.290000000000000000e+02 9.071119178796952509e-01
8.300000000000000000e+02 9.426847218764425884e-01
8.310000000000000000e+02 8.476948090974527616e-01
8.320000000000000000e+02 1.210941093527932777e+00
8.330000000000000000e+02 7.140718658500840865e-01
8.340000000000000000e+02 1.137961596777590234e+00
8.350000000000000000e+02 8.165086905557265018e-01
8.360000000000000000e+02 1.099616837257849644e+00
8.370000000000000000e+02 1.025633510375755231e+00
8.380000000000000000e+02 9.113032779739920208e-01
8.390000000000000000e+02 1.067945513709956717e+00
8.400000000000000000e+02 8.184652826671651171e-01
8.410000000000000000e+02 1.051758714351470614e+00
8.420000000000000000e+02 9.896523004549302449e-01
8.430000000000000000e+02 1.031794199853343752e+00
8.440000000000000000e+02 9.996530065337823068e-01
8.450000000000000000e+02 1.085372051214572586e+00
8.460000000000000000e+02 1.218107807842744084e+00
8.470000000000000000e+02 1.344871906519972349e+00
8.480000000000000000e+02 8.477049224255629456e-01
8.490000000000000000e+02 1.013307740410217539e+00
8.500000000000000000e+02 8.569083237319161661e-01
8.510000000000000000e+02 8.812552846141441520e-01
8.520000000000000000e+02 1.183310270126148200e+00
8.530000000000000000e+02 1.010076833774564475e+00
8.540000000000000000e+02 1.081725283686982175e+00
8.550000000000000000e+02 1.124693626470187446e+00
8.560000000000000000e+02 9.889955406058249521e-01
8.570000000000000000e+02 1.215232129799489913e+00
8.580000000000000000e+02 9.747119721510756341e-01
8.590000000000000000e+02 1.027180835376104939e+00
8.600000000000000000e+02 9.370468790964698869e-01
8.610000000000000000e+02 9.065273132738362882e-01
8.620000000000000000e+02 9.748972915609737111e-01
8.630000000000000000e+02 1.128056182707497079e+00
8.640000000000000000e+02 9.987615121332455992e-01
8.650000000000000000e+02 1.024651891203500753e+00
8.660000000000000000e+02 9.062219942834690567e-01
8.670000000000000000e+02 1.245557986039956599e+00
8.680000000000000000e+02 1.149148032216285031e+00
8.690000000000000000e+02 1.188477643315033694e+00
8.700000000000000000e+02 8.091324031262413508e-01
8.710000000000000000e+02 1.051501310823075741e+00
8.720000000000000000e+02 9.515925969832230713e-01
8.730000000000000000e+02 1.071763882670547785e+00
