# realization, R_50 (parity assym measure for lmax=50)
2.490000000000000000e+02 9.000658940407645359e-01
2.500000000000000000e+02 8.811015200214314946e-01
2.510000000000000000e+02 9.799586017611736644e-01
2.520000000000000000e+02 1.012202802311195526e+00
2.530000000000000000e+02 1.022258195456706487e+00
2.540000000000000000e+02 9.216328400121102105e-01
2.550000000000000000e+02 9.302010868474133165e-01
2.560000000000000000e+02 1.047500306850514207e+00
2.570000000000000000e+02 9.850503882336523187e-01
2.580000000000000000e+02 9.087993791923547615e-01
2.590000000000000000e+02 8.794295381961784175e-01
2.600000000000000000e+02 9.345103981993474473e-01
2.610000000000000000e+02 9.263843640891072928e-01
2.620000000000000000e+02 1.121111820077668408e+00
2.630000000000000000e+02 9.569432455473332322e-01
2.640000000000000000e+02 1.110437979945765763e+00
2.650000000000000000e+02 8.071546132596004730e-01
2.660000000000000000e+02 9.611683165952372709e-01
2.670000000000000000e+02 8.778334017444925363e-01
2.680000000000000000e+02 1.059307002791044727e+00
2.690000000000000000e+02 1.072098420638667449e+00
2.700000000000000000e+02 1.322481442812281083e+00
2.710000000000000000e+02 1.083979484340961807e+00
2.720000000000000000e+02 9.932127655207305672e-01
2.730000000000000000e+02 1.039812242613040283e+00
2.740000000000000000e+02 1.113134800371119004e+00
2.750000000000000000e+02 1.002197976706795890e+00
2.760000000000000000e+02 1.130536803020310677e+00
2.770000000000000000e+02 1.012209262743547278e+00
2.780000000000000000e+02 1.313883611379028649e+00
2.790000000000000000e+02 1.088134635684545604e+00
2.800000000000000000e+02 9.400447587752193135e-01
2.810000000000000000e+02 9.660024491411107750e-01
2.820000000000000000e+02 9.752364092756182767e-01
2.830000000000000000e+02 9.220929109049382788e-01
2.840000000000000000e+02 1.024759695510005342e+00
2.850000000000000000e+02 9.399830259200339100e-01
2.860000000000000000e+02 1.000192940734955238e+00
2.870000000000000000e+02 9.622599545277543687e-01
2.880000000000000000e+02 9.868164689764256092e-01
2.890000000000000000e+02 9.021043703011286663e-01
2.900000000000000000e+02 1.102637508763877117e+00
2.910000000000000000e+02 1.059523844259969261e+00
2.920000000000000000e+02 9.905276825472808522e-01
2.930000000000000000e+02 1.022254602217461450e+00
2.940000000000000000e+02 1.071000135328913805e+00
2.950000000000000000e+02 9.356594112224202453e-01
2.960000000000000000e+02 9.518105096512426977e-01
2.970000000000000000e+02 1.020174071115283354e+00
2.980000000000000000e+02 9.470088859160440409e-01
2.990000000000000000e+02 9.432559880562453314e-01
3.000000000000000000e+02 1.130213680996404069e+00
3.010000000000000000e+02 8.833030059336846040e-01
3.020000000000000000e+02 1.042378219604045420e+00
3.030000000000000000e+02 1.103976416430030749e+00
3.040000000000000000e+02 9.297571756382394526e-01
3.050000000000000000e+02 9.937525724368619917e-01
3.060000000000000000e+02 1.140139304243127372e+00
3.070000000000000000e+02 9.469450198105897609e-01
3.080000000000000000e+02 9.653715236908428921e-01
3.090000000000000000e+02 1.007356254241494886e+00
3.100000000000000000e+02 1.081336368767616074e+00
3.110000000000000000e+02 9.984849066607440760e-01
3.120000000000000000e+02 1.080719635002603596e+00
3.130000000000000000e+02 9.721524201865271442e-01
3.140000000000000000e+02 1.043939422098508985e+00
3.150000000000000000e+02 9.659408062966992059e-01
3.160000000000000000e+02 1.065632402600839912e+00
3.170000000000000000e+02 9.269590889784187215e-01
3.180000000000000000e+02 1.045696468140814295e+00
3.190000000000000000e+02 1.107899542692723172e+00
3.200000000000000000e+02 9.685295404805998043e-01
3.210000000000000000e+02 9.132282416262985647e-01
3.220000000000000000e+02 9.509985869600943165e-01
3.230000000000000000e+02 8.305385830560521043e-01
3.240000000000000000e+02 1.011435294486477510e+00
3.250000000000000000e+02 1.096191778246525805e+00
3.260000000000000000e+02 1.003731575883428428e+00
3.270000000000000000e+02 1.088064481804837058e+00
3.280000000000000000e+02 8.874153653709597744e-01
3.290000000000000000e+02 9.192233628451456084e-01
3.300000000000000000e+02 1.009220639241384498e+00
3.310000000000000000e+02 1.237396614992076316e+00
3.320000000000000000e+02 8.506390187374328615e-01
3.330000000000000000e+02 8.441790778608012635e-01
3.340000000000000000e+02 1.073912426262919606e+00
3.350000000000000000e+02 1.031784360393416478e+00
3.360000000000000000e+02 9.113245075436474663e-01
3.370000000000000000e+02 1.267643731698484100e+00
3.380000000000000000e+02 9.792460105464138032e-01
3.390000000000000000e+02 8.406406780670976353e-01
3.400000000000000000e+02 1.117477718163946143e+00
3.410000000000000000e+02 9.681076318878057974e-01
3.420000000000000000e+02 1.002452016816453018e+00
3.430000000000000000e+02 1.141704543563408114e+00
3.440000000000000000e+02 1.006181287915826728e+00
3.450000000000000000e+02 9.437085831149111259e-01
3.460000000000000000e+02 1.101052914950141570e+00
3.470000000000000000e+02 9.050148382721538987e-01
3.480000000000000000e+02 9.031982019257461802e-01
3.490000000000000000e+02 8.657391907401230657e-01
3.500000000000000000e+02 9.917468629587868900e-01
3.510000000000000000e+02 9.801255081589030915e-01
3.520000000000000000e+02 1.006862666466290079e+00
3.530000000000000000e+02 1.047881570338897728e+00
3.540000000000000000e+02 9.906526898594418817e-01
3.550000000000000000e+02 9.441865499311782317e-01
3.560000000000000000e+02 8.836565500859629996e-01
3.570000000000000000e+02 9.080695492930151991e-01
3.580000000000000000e+02 1.088340297791591693e+00
3.590000000000000000e+02 1.355143495047502311e+00
3.600000000000000000e+02 9.736172794818157561e-01
3.610000000000000000e+02 1.031723476271317219e+00
3.620000000000000000e+02 8.882416060982196715e-01
3.630000000000000000e+02 1.007856222050515616e+00
3.640000000000000000e+02 8.589025327831276702e-01
3.650000000000000000e+02 1.156953363936942258e+00
3.660000000000000000e+02 1.059919960952670159e+00
3.670000000000000000e+02 1.086958514564829725e+00
3.680000000000000000e+02 8.740907096930639053e-01
3.690000000000000000e+02 8.876776020905416953e-01
3.700000000000000000e+02 1.118786600311082013e+00
3.710000000000000000e+02 8.399288251625287582e-01
3.720000000000000000e+02 9.376606017862565423e-01
3.730000000000000000e+02 8.732635463270667087e-01
