# realization, R_50 (parity assym measure for lmax=50)
1.240000000000000000e+02 1.055712649959126281e+00
1.250000000000000000e+02 1.027055647628503765e+00
1.260000000000000000e+02 1.017129260026364834e+00
1.270000000000000000e+02 9.628699036364501973e-01
1.280000000000000000e+02 9.543552371536359047e-01
1.290000000000000000e+02 8.914596474278941862e-01
1.300000000000000000e+02 1.127823376326703375e+00
1.310000000000000000e+02 9.758226797072753200e-01
1.320000000000000000e+02 8.584228100831323705e-01
1.330000000000000000e+02 1.025255010678431722e+00
1.340000000000000000e+02 9.163881057849904144e-01
1.350000000000000000e+02 8.731536177156860035e-01
1.360000000000000000e+02 9.208688786026202333e-01
1.370000000000000000e+02 1.026693230616854358e+00
1.380000000000000000e+02 1.048748010743824954e+00
1.390000000000000000e+02 9.792005575098561287e-01
1.400000000000000000e+02 9.694463302862361687e-01
1.410000000000000000e+02 1.050040888802958650e+00
1.420000000000000000e+02 9.564237894674232354e-01
1.430000000000000000e+02 9.172231600914512173e-01
1.440000000000000000e+02 1.164428706051378049e+00
1.450000000000000000e+02 9.231441033201449597e-01
1.460000000000000000e+02 1.070767713776153096e+00
1.470000000000000000e+02 9.136780175137503290e-01
1.480000000000000000e+02 1.019102582202903173e+00
1.490000000000000000e+02 1.245462600583930435e+00
1.500000000000000000e+02 1.224354691099407866e+00
1.510000000000000000e+02 1.051244096140395712e+00
1.520000000000000000e+02 1.020283505777594080e+00
1.530000000000000000e+02 9.862428417535553660e-01
1.540000000000000000e+02 9.869681498921261120e-01
1.550000000000000000e+02 1.000743335459183703e+00
1.560000000000000000e+02 1.025704525473827733e+00
1.570000000000000000e+02 8.951051231399470565e-01
1.580000000000000000e+02 1.029852269430397538e+00
1.590000000000000000e+02 8.657987214910929374e-01
1.600000000000000000e+02 8.571402296586652092e-01
1.610000000000000000e+02 1.019548244675096083e+00
1.620000000000000000e+02 1.138899498878572558e+00
1.630000000000000000e+02 1.019728720414866396e+00
1.640000000000000000e+02 1.025348237280031993e+00
1.650000000000000000e+02 9.172766390964187666e-01
1.660000000000000000e+02 1.064611802889309899e+00
1.670000000000000000e+02 1.050629964856202969e+00
1.680000000000000000e+02 1.025003585746610213e+00
1.690000000000000000e+02 1.011513653003672353e+00
1.700000000000000000e+02 9.714722656011300916e-01
1.710000000000000000e+02 9.268445398506721666e-01
1.720000000000000000e+02 9.870484483806964970e-01
1.730000000000000000e+02 1.102761621876301223e+00
1.740000000000000000e+02 1.010900282112812132e+00
1.750000000000000000e+02 9.889992391201654076e-01
1.760000000000000000e+02 1.106037717137742016e+00
1.770000000000000000e+02 9.333605063832913773e-01
1.780000000000000000e+02 1.012963766537674726e+00
1.790000000000000000e+02 9.347589132794019706e-01
1.800000000000000000e+02 9.471901046674015001e-01
1.810000000000000000e+02 9.963775875133241700e-01
1.820000000000000000e+02 1.039880489810292241e+00
1.830000000000000000e+02 1.039474203533796048e+00
1.840000000000000000e+02 1.041154776395724291e+00
1.850000000000000000e+02 1.002565597050300239e+00
1.860000000000000000e+02 8.408131402652139208e-01
1.870000000000000000e+02 1.015958183270330606e+00
1.880000000000000000e+02 9.352994408075477883e-01
1.890000000000000000e+02 1.063649407065184072e+00
1.900000000000000000e+02 1.019710570953711093e+00
1.910000000000000000e+02 8.694342427537814499e-01
1.920000000000000000e+02 1.026738743532102038e+00
1.930000000000000000e+02 9.027904095122361028e-01
1.940000000000000000e+02 1.109533342299816150e+00
1.950000000000000000e+02 9.130206367234298126e-01
1.960000000000000000e+02 1.045572172887128337e+00
1.970000000000000000e+02 1.099727632742661942e+00
1.980000000000000000e+02 9.709706682671587208e-01
1.990000000000000000e+02 8.239810705589325490e-01
2.000000000000000000e+02 9.403213319343202148e-01
2.010000000000000000e+02 9.217811954436538890e-01
2.020000000000000000e+02 9.941138240928911740e-01
2.030000000000000000e+02 1.015662731384709749e+00
2.040000000000000000e+02 1.040028680992600707e+00
2.050000000000000000e+02 1.068538830593642075e+00
2.060000000000000000e+02 9.107253627519901196e-01
2.070000000000000000e+02 9.721055658726810433e-01
2.080000000000000000e+02 9.459434613807939929e-01
2.090000000000000000e+02 1.165727224976890852e+00
2.100000000000000000e+02 9.394692279897539633e-01
2.110000000000000000e+02 9.053482709515614513e-01
2.120000000000000000e+02 9.259838458152394036e-01
2.130000000000000000e+02 1.025560989644735521e+00
2.140000000000000000e+02 8.238894325312551281e-01
2.150000000000000000e+02 9.374442582126287782e-01
2.160000000000000000e+02 9.164677020031155585e-01
2.170000000000000000e+02 8.674228518493848350e-01
2.180000000000000000e+02 9.655270742298073250e-01
2.190000000000000000e+02 1.029312032943509481e+00
2.200000000000000000e+02 9.054376500786064375e-01
2.210000000000000000e+02 1.055901933440936080e+00
2.220000000000000000e+02 9.632253838176436656e-01
2.230000000000000000e+02 1.027309806792838565e+00
2.240000000000000000e+02 1.077169414769489242e+00
2.250000000000000000e+02 9.640216311440379382e-01
2.260000000000000000e+02 8.898939708143932537e-01
2.270000000000000000e+02 1.137629040486383136e+00
2.280000000000000000e+02 9.480874530462488625e-01
2.290000000000000000e+02 1.128209861858629814e+00
2.300000000000000000e+02 9.263938708212143824e-01
2.310000000000000000e+02 1.066506428128292994e+00
2.320000000000000000e+02 1.063741915275754568e+00
2.330000000000000000e+02 1.003629220373633002e+00
2.340000000000000000e+02 9.650516700688884786e-01
2.350000000000000000e+02 8.974114486562454474e-01
2.360000000000000000e+02 8.294078626633988316e-01
2.370000000000000000e+02 1.091779142552075310e+00
2.380000000000000000e+02 1.134142334993052836e+00
2.390000000000000000e+02 1.080886682077232486e+00
2.400000000000000000e+02 8.820985034617804255e-01
2.410000000000000000e+02 8.914960916338892094e-01
2.420000000000000000e+02 8.816573705235116742e-01
2.430000000000000000e+02 1.090019537276117223e+00
2.440000000000000000e+02 1.012034400448558191e+00
2.450000000000000000e+02 1.060118290256361950e+00
2.460000000000000000e+02 9.742340340554491718e-01
2.470000000000000000e+02 1.046114204391596081e+00
2.480000000000000000e+02 1.055698623441822193e+00
