# realization, R_50 (parity assym measure for lmax=50)
6.240000000000000000e+02 9.212220961792549900e-01
6.250000000000000000e+02 1.097092315316452682e+00
6.260000000000000000e+02 1.008563887867985231e+00
6.270000000000000000e+02 1.098426367281591931e+00
6.280000000000000000e+02 9.772150405641035764e-01
6.290000000000000000e+02 1.098778185140942609e+00
6.300000000000000000e+02 8.524309539884420417e-01
6.310000000000000000e+02 9.694733847590776277e-01
6.320000000000000000e+02 8.911611300925398327e-01
6.330000000000000000e+02 1.137881340535776165e+00
6.340000000000000000e+02 1.020911125925477503e+00
6.350000000000000000e+02 9.207878197693865063e-01
6.360000000000000000e+02 9.731704826471170300e-01
6.370000000000000000e+02 9.536820346966534689e-01
6.380000000000000000e+02 9.149168833735376039e-01
6.390000000000000000e+02 1.002064245466413706e+00
6.400000000000000000e+02 9.158139507860642015e-01
6.410000000000000000e+02 9.091140489929633306e-01
6.420000000000000000e+02 1.065038503802811176e+00
6.430000000000000000e+02 9.081879188658804614e-01
6.440000000000000000e+02 1.034463051498191621e+00
6.450000000000000000e+02 9.894526645169320345e-01
6.460000000000000000e+02 9.490255127797313506e-01
6.470000000000000000e+02 1.181938449183461248e+00
6.480000000000000000e+02 1.000375348433252487e+00
6.490000000000000000e+02 9.836715298752588543e-01
6.500000000000000000e+02 1.118602786364865320e+00
6.510000000000000000e+02 1.052999758345909642e+00
6.520000000000000000e+02 9.454717607250773259e-01
6.530000000000000000e+02 1.022018302872937046e+00
6.540000000000000000e+02 1.076692261405819862e+00
6.550000000000000000e+02 9.385337652452405699e-01
6.560000000000000000e+02 1.019194187351353698e+00
6.570000000000000000e+02 8.960210055626197656e-01
6.580000000000000000e+02 1.076047277407477409e+00
6.590000000000000000e+02 9.124812727210865893e-01
6.600000000000000000e+02 1.086843967222752116e+00
6.610000000000000000e+02 8.481517928535117212e-01
6.620000000000000000e+02 1.229870812461026253e+00
6.630000000000000000e+02 1.071408810557517244e+00
6.640000000000000000e+02 1.076879706105111412e+00
6.650000000000000000e+02 9.310564991366604426e-01
6.660000000000000000e+02 1.008162101218002871e+00
6.670000000000000000e+02 1.105354299747828728e+00
6.680000000000000000e+02 9.756229154879239029e-01
6.690000000000000000e+02 9.421801937532362503e-01
6.700000000000000000e+02 1.112962358838616606e+00
6.710000000000000000e+02 8.450134743621218192e-01
6.720000000000000000e+02 9.382314589428296658e-01
6.730000000000000000e+02 1.002049503385334717e+00
6.740000000000000000e+02 8.930330754190404230e-01
6.750000000000000000e+02 9.557248516240404168e-01
6.760000000000000000e+02 1.035709931898758818e+00
6.770000000000000000e+02 9.564375776494665748e-01
6.780000000000000000e+02 1.020205926034985167e+00
6.790000000000000000e+02 1.027210924683260140e+00
6.800000000000000000e+02 9.305953922819308888e-01
6.810000000000000000e+02 1.087187847339004865e+00
6.820000000000000000e+02 1.101708048476811141e+00
6.830000000000000000e+02 8.998800261051668192e-01
6.840000000000000000e+02 1.010994336387315728e+00
6.850000000000000000e+02 1.078584333383176830e+00
6.860000000000000000e+02 9.749691667039583898e-01
6.870000000000000000e+02 9.631020052666540154e-01
6.880000000000000000e+02 8.900598825839290962e-01
6.890000000000000000e+02 1.017919218355970656e+00
6.900000000000000000e+02 8.972030805028573530e-01
6.910000000000000000e+02 9.952829486367801293e-01
6.920000000000000000e+02 9.572112693768790592e-01
6.930000000000000000e+02 9.898506221413271300e-01
6.940000000000000000e+02 1.075893234812314025e+00
6.950000000000000000e+02 9.523793675611067489e-01
6.960000000000000000e+02 1.050929473122549362e+00
6.970000000000000000e+02 1.090158034073140270e+00
6.980000000000000000e+02 9.156099963667826414e-01
6.990000000000000000e+02 9.630680189865973295e-01
7.000000000000000000e+02 1.093170647415389496e+00
7.010000000000000000e+02 1.026313230726182857e+00
7.020000000000000000e+02 8.854373583832945149e-01
7.030000000000000000e+02 9.140196828151561093e-01
7.040000000000000000e+02 1.006012607911084489e+00
7.050000000000000000e+02 1.013529895364298827e+00
7.060000000000000000e+02 1.133685890585135470e+00
7.070000000000000000e+02 1.202522255749892022e+00
7.080000000000000000e+02 1.174683329821717637e+00
7.090000000000000000e+02 1.104706857801221132e+00
7.100000000000000000e+02 9.865301314923978770e-01
7.110000000000000000e+02 9.894755529562728746e-01
7.120000000000000000e+02 8.643510438930350759e-01
7.130000000000000000e+02 8.977311160997277772e-01
7.140000000000000000e+02 1.014469608753123753e+00
7.150000000000000000e+02 1.107965939135592937e+00
7.160000000000000000e+02 9.428499282441212825e-01
7.170000000000000000e+02 1.072938509477649793e+00
7.180000000000000000e+02 9.880622415475299736e-01
7.190000000000000000e+02 1.167041190508747661e+00
7.200000000000000000e+02 9.126819969701664981e-01
7.210000000000000000e+02 8.120777817813428223e-01
7.220000000000000000e+02 1.106628890009398125e+00
7.230000000000000000e+02 1.138811384723414033e+00
7.240000000000000000e+02 1.044490139419161245e+00
7.250000000000000000e+02 1.050868166467853193e+00
7.260000000000000000e+02 1.108648933188099317e+00
7.270000000000000000e+02 8.836128539775222057e-01
7.280000000000000000e+02 9.424846987920371122e-01
7.290000000000000000e+02 9.758277866019390290e-01
7.300000000000000000e+02 9.005759900813399277e-01
7.310000000000000000e+02 9.969848644731151843e-01
7.320000000000000000e+02 8.961329227067110770e-01
7.330000000000000000e+02 9.294477278062646119e-01
7.340000000000000000e+02 1.050740029077365190e+00
7.350000000000000000e+02 1.101790458423645536e+00
7.360000000000000000e+02 9.237653678853399164e-01
7.370000000000000000e+02 1.252704303424133414e+00
7.380000000000000000e+02 9.393516590394376253e-01
7.390000000000000000e+02 9.809122958040802365e-01
7.400000000000000000e+02 9.313116763420075106e-01
7.410000000000000000e+02 1.001793384855321101e+00
7.420000000000000000e+02 1.068192764911787940e+00
7.430000000000000000e+02 1.096231439494483206e+00
7.440000000000000000e+02 9.862745324970086935e-01
7.450000000000000000e+02 9.246665932195945459e-01
7.460000000000000000e+02 1.200651701274429328e+00
7.470000000000000000e+02 1.063945477278045892e+00
7.480000000000000000e+02 8.009066926263248565e-01
