# realization, R_50 (parity assym measure for lmax=50)
4.990000000000000000e+02 1.136159800082302107e+00
5.000000000000000000e+02 9.266563376303915689e-01
5.010000000000000000e+02 1.029117164296199149e+00
5.020000000000000000e+02 9.795891446511678646e-01
5.030000000000000000e+02 9.596024275797423453e-01
5.040000000000000000e+02 9.664164086974270651e-01
5.050000000000000000e+02 9.487172020636170933e-01
5.060000000000000000e+02 9.180433658804763031e-01
5.070000000000000000e+02 1.037529780671299084e+00
5.080000000000000000e+02 8.922343757329668223e-01
5.090000000000000000e+02 1.134510632974437438e+00
5.100000000000000000e+02 1.140564831265846957e+00
5.110000000000000000e+02 9.339163774652763372e-01
5.120000000000000000e+02 1.124180529900952408e+00
5.130000000000000000e+02 1.036175315715808232e+00
5.140000000000000000e+02 1.151338279735997450e+00
5.150000000000000000e+02 8.323352061763299448e-01
5.160000000000000000e+02 1.049947109730195116e+00
5.170000000000000000e+02 1.029145457256051444e+00
5.180000000000000000e+02 9.688916104516827055e-01
5.190000000000000000e+02 1.045968122535727574e+00
5.200000000000000000e+02 1.079480799963959958e+00
5.210000000000000000e+02 1.116551649269237112e+00
5.220000000000000000e+02 9.494788189789307165e-01
5.230000000000000000e+02 9.162879532443349850e-01
5.240000000000000000e+02 9.307274676350710818e-01
5.250000000000000000e+02 9.834655732921925297e-01
5.260000000000000000e+02 1.105030466878719420e+00
5.270000000000000000e+02 1.016180841062989559e+00
5.280000000000000000e+02 8.001591518075826803e-01
5.290000000000000000e+02 1.077248472027133142e+00
5.300000000000000000e+02 9.507425367225659230e-01
5.310000000000000000e+02 8.976432119677197896e-01
5.320000000000000000e+02 9.145674872512531417e-01
5.330000000000000000e+02 9.825155458032596156e-01
5.340000000000000000e+02 1.021991867189918857e+00
5.350000000000000000e+02 1.077089322545596639e+00
5.360000000000000000e+02 1.092835350788371906e+00
5.370000000000000000e+02 1.018263711188329701e+00
5.380000000000000000e+02 9.619522295037692405e-01
5.390000000000000000e+02 1.016299948989946689e+00
5.400000000000000000e+02 1.020921474050941136e+00
5.410000000000000000e+02 1.029202277891582584e+00
5.420000000000000000e+02 9.571146709568086886e-01
5.430000000000000000e+02 1.106632942878052583e+00
5.440000000000000000e+02 1.057157890979042225e+00
5.450000000000000000e+02 1.015535124723429217e+00
5.460000000000000000e+02 1.089466419907163752e+00
5.470000000000000000e+02 1.090987273433991156e+00
5.480000000000000000e+02 9.627628288348095698e-01
5.490000000000000000e+02 9.286657285734304379e-01
5.500000000000000000e+02 9.644743362173808787e-01
5.510000000000000000e+02 1.032845778260490510e+00
5.520000000000000000e+02 8.921280863628789914e-01
5.530000000000000000e+02 1.112456788581231981e+00
5.540000000000000000e+02 9.703396380479990535e-01
5.550000000000000000e+02 1.058754428230681999e+00
5.560000000000000000e+02 1.107788802654909421e+00
5.570000000000000000e+02 1.087207883980054302e+00
5.580000000000000000e+02 8.735987283762093325e-01
5.590000000000000000e+02 1.003776684703456157e+00
5.600000000000000000e+02 9.178240962816205384e-01
5.610000000000000000e+02 9.756932318521449599e-01
5.620000000000000000e+02 9.923530120658563547e-01
5.630000000000000000e+02 9.161000388634581437e-01
5.640000000000000000e+02 1.083571769440346388e+00
5.650000000000000000e+02 9.132266144433480726e-01
5.660000000000000000e+02 9.834424625645005191e-01
5.670000000000000000e+02 1.078934736785925441e+00
5.680000000000000000e+02 1.111493786795394012e+00
5.690000000000000000e+02 1.060201613299686763e+00
5.700000000000000000e+02 9.882209687089417161e-01
5.710000000000000000e+02 8.474487106924679658e-01
5.720000000000000000e+02 1.090343107632483877e+00
5.730000000000000000e+02 8.565165211734405704e-01
5.740000000000000000e+02 1.238566204518656066e+00
5.750000000000000000e+02 9.972061798369291630e-01
5.760000000000000000e+02 8.645972277352900193e-01
5.770000000000000000e+02 8.923110322222898017e-01
5.780000000000000000e+02 1.095633245362913621e+00
5.790000000000000000e+02 9.868880344590703624e-01
5.800000000000000000e+02 9.480777329151989230e-01
5.810000000000000000e+02 8.457245157679815772e-01
5.820000000000000000e+02 8.754116055936516094e-01
5.830000000000000000e+02 8.673631313342269333e-01
5.840000000000000000e+02 8.625262466536157691e-01
5.850000000000000000e+02 1.101532525381811789e+00
5.860000000000000000e+02 1.058621740024773716e+00
5.870000000000000000e+02 1.226101481475929456e+00
5.880000000000000000e+02 1.178229792754984073e+00
5.890000000000000000e+02 1.050747153739804540e+00
5.900000000000000000e+02 1.172692784075828110e+00
5.910000000000000000e+02 9.675626469099167792e-01
5.920000000000000000e+02 1.033367186394445136e+00
5.930000000000000000e+02 8.934667743366153658e-01
5.940000000000000000e+02 1.019361434381183873e+00
5.950000000000000000e+02 1.140456200553030541e+00
5.960000000000000000e+02 1.024675373815228330e+00
5.970000000000000000e+02 1.080446338014302787e+00
5.980000000000000000e+02 1.044240747898549149e+00
5.990000000000000000e+02 1.121443385499321543e+00
6.000000000000000000e+02 9.946803655843001746e-01
6.010000000000000000e+02 1.129115672909692281e+00
6.020000000000000000e+02 1.205858312285119194e+00
6.030000000000000000e+02 1.058231086734484627e+00
6.040000000000000000e+02 1.092345467380959612e+00
6.050000000000000000e+02 9.212357412691576375e-01
6.060000000000000000e+02 1.051208788790646498e+00
6.070000000000000000e+02 1.067045522457900963e+00
6.080000000000000000e+02 1.010068653007475392e+00
6.090000000000000000e+02 1.031978318857884824e+00
6.100000000000000000e+02 9.275442777265757721e-01
6.110000000000000000e+02 1.032022007135180441e+00
6.120000000000000000e+02 1.011585500163248996e+00
6.130000000000000000e+02 1.010310639697056478e+00
6.140000000000000000e+02 9.675366989294268416e-01
6.150000000000000000e+02 9.501974139137377984e-01
6.160000000000000000e+02 9.421596359563824130e-01
6.170000000000000000e+02 1.160898910936949857e+00
6.180000000000000000e+02 1.012650877087448054e+00
6.190000000000000000e+02 9.051701321805528666e-01
6.200000000000000000e+02 8.261865754979904608e-01
6.210000000000000000e+02 1.112506848381722424e+00
6.220000000000000000e+02 1.065372689296910202e+00
6.230000000000000000e+02 1.079678630654383520e+00
