# realization, S_1/2
7.490000000000000000e+02 5.600505854520566936e+04
7.500000000000000000e+02 1.325508199493008397e+04
7.510000000000000000e+02 7.180243512598391681e+04
7.520000000000000000e+02 8.427797254452214111e+04
7.530000000000000000e+02 5.012812206334629445e+04
7.540000000000000000e+02 1.168760782514345046e+05
7.550000000000000000e+02 3.723931282154232758e+04
7.560000000000000000e+02 5.534286074758947507e+03
7.570000000000000000e+02 2.401179017885918802e+04
7.580000000000000000e+02 2.047299258467680147e+03
7.590000000000000000e+02 5.643826429859865129e+03
7.600000000000000000e+02 4.720144173454846168e+04
7.610000000000000000e+02 1.608127517292773409e+05
7.620000000000000000e+02 8.073093782028417627e+04
7.630000000000000000e+02 6.354282786243231385e+04
7.640000000000000000e+02 2.795307800945166491e+03
7.650000000000000000e+02 1.652441428212093160e+04
7.660000000000000000e+02 4.292965372233380913e+04
7.670000000000000000e+02 1.021346985482250602e+05
7.680000000000000000e+02 3.390511029152677656e+04
7.690000000000000000e+02 1.253551398539920228e+04
7.700000000000000000e+02 1.041632332282466232e+05
7.710000000000000000e+02 3.683055593875446357e+04
7.720000000000000000e+02 2.165581307981351347e+04
7.730000000000000000e+02 8.891246151678857132e+03
7.740000000000000000e+02 1.763786123691388639e+04
7.750000000000000000e+02 7.142017316970162210e+04
7.760000000000000000e+02 2.821415203948952840e+05
7.770000000000000000e+02 1.474571972803338031e+04
7.780000000000000000e+02 6.897267362364185101e+04
7.790000000000000000e+02 2.048525680809611003e+04
7.800000000000000000e+02 1.151934911923771688e+04
7.810000000000000000e+02 2.698664789742795256e+04
7.820000000000000000e+02 1.062355609200935760e+04
7.830000000000000000e+02 6.360556387505011662e+04
7.840000000000000000e+02 4.563641147888572596e+04
7.850000000000000000e+02 8.238737698848558648e+04
7.860000000000000000e+02 8.583796129143094731e+03
7.870000000000000000e+02 1.246098567956985971e+04
7.880000000000000000e+02 1.386626134662095501e+04
7.890000000000000000e+02 1.622414740159466237e+04
7.900000000000000000e+02 1.215527240017801814e+05
7.910000000000000000e+02 1.169046814873334733e+04
7.920000000000000000e+02 1.256419621963858663e+04
7.930000000000000000e+02 1.288717988610360408e+04
7.940000000000000000e+02 3.374018202714542713e+04
7.950000000000000000e+02 7.839549604592715332e+04
7.960000000000000000e+02 6.324867508928265306e+04
7.970000000000000000e+02 1.147528121229466706e+04
7.980000000000000000e+02 5.596985113231431569e+03
7.990000000000000000e+02 1.919341474263220152e+04
8.000000000000000000e+02 6.051162874919688329e+04
8.010000000000000000e+02 1.756836651178945031e+05
8.020000000000000000e+02 8.659512783413689249e+03
8.030000000000000000e+02 4.083938556264028739e+04
8.040000000000000000e+02 4.981992039533787647e+03
8.050000000000000000e+02 7.830653255216695834e+04
8.060000000000000000e+02 1.410087958537892700e+04
8.070000000000000000e+02 5.490014288564587332e+04
8.080000000000000000e+02 9.442989505125842697e+03
8.090000000000000000e+02 8.285351751089929166e+03
8.100000000000000000e+02 6.165312129402715800e+04
8.110000000000000000e+02 1.164781498595106677e+04
8.120000000000000000e+02 3.409091289778764622e+04
8.130000000000000000e+02 3.850727275841114897e+04
8.140000000000000000e+02 5.821715911920360668e+04
8.150000000000000000e+02 6.018926727380989178e+03
8.160000000000000000e+02 6.905898883954162011e+04
8.170000000000000000e+02 7.414964059603129863e+04
8.180000000000000000e+02 1.706803918592338596e+04
8.190000000000000000e+02 1.002355950997318287e+05
8.200000000000000000e+02 1.427314965369559104e+04
8.210000000000000000e+02 1.237459778407174781e+04
8.220000000000000000e+02 1.625361920045860170e+05
8.230000000000000000e+02 5.296113056188100745e+04
8.240000000000000000e+02 1.278053656529457949e+05
8.250000000000000000e+02 3.180625372506708954e+05
8.260000000000000000e+02 2.272462488222147658e+04
8.270000000000000000e+02 5.886059894854657614e+03
8.280000000000000000e+02 6.991359338534981362e+04
8.290000000000000000e+02 3.844059888800661429e+04
8.300000000000000000e+02 1.949955828672614371e+04
8.310000000000000000e+02 2.547772606760832059e+04
8.320000000000000000e+02 6.700766845260960690e+04
8.330000000000000000e+02 6.909977724552244763e+04
8.340000000000000000e+02 2.382703330053670215e+05
8.350000000000000000e+02 1.754029044440616781e+04
8.360000000000000000e+02 1.068829829364331636e+04
8.370000000000000000e+02 1.678664469598182404e+04
8.380000000000000000e+02 8.355862510108538845e+04
8.390000000000000000e+02 1.960646623375199852e+04
8.400000000000000000e+02 6.118507703459093318e+04
8.410000000000000000e+02 9.114975978487903194e+04
8.420000000000000000e+02 4.590711045960501906e+03
8.430000000000000000e+02 4.344551258533304645e+04
8.440000000000000000e+02 5.012109362725440587e+04
8.450000000000000000e+02 6.108397055329608702e+04
8.460000000000000000e+02 1.009165455858458881e+05
8.470000000000000000e+02 2.020420587772194995e+05
8.480000000000000000e+02 1.469966039115759304e+04
8.490000000000000000e+02 1.223539530774008599e+05
8.500000000000000000e+02 3.676614457060305722e+04
8.510000000000000000e+02 1.429632353690057607e+04
8.520000000000000000e+02 3.953032865411717648e+04
8.530000000000000000e+02 1.035197628240647464e+04
8.540000000000000000e+02 5.256146047956177790e+04
8.550000000000000000e+02 3.787296475553983328e+04
8.560000000000000000e+02 7.273321269702537393e+04
8.570000000000000000e+02 3.402790792737274314e+05
8.580000000000000000e+02 5.076781723500917724e+04
8.590000000000000000e+02 8.283081084468416520e+04
8.600000000000000000e+02 9.802461505375680281e+04
8.610000000000000000e+02 4.653630741907812080e+03
8.620000000000000000e+02 3.406974450431535661e+04
8.630000000000000000e+02 1.178885261810865995e+04
8.640000000000000000e+02 4.855540114219588577e+04
8.650000000000000000e+02 2.557716376669445890e+04
8.660000000000000000e+02 6.419357187769881421e+03
8.670000000000000000e+02 5.512553806526713015e+04
8.680000000000000000e+02 3.527505775658789207e+04
8.690000000000000000e+02 6.083102691587724257e+04
8.700000000000000000e+02 4.422974611043231562e+04
8.710000000000000000e+02 8.681698513354494935e+03
8.720000000000000000e+02 2.133998239528224804e+04
8.730000000000000000e+02 1.666896778121579337e+04
