# realization, variance of unmasked pixels in NSIDE=16 map
2.490000000000000000e+02 1.306824132341882660e+03
2.500000000000000000e+02 1.641171689063266967e+03
2.510000000000000000e+02 8.796931902264525434e+02
2.520000000000000000e+02 1.648467427601307918e+03
2.530000000000000000e+02 2.214303362076585017e+03
2.540000000000000000e+02 1.584038491727980045e+03
2.550000000000000000e+02 1.580133279580148155e+03
2.560000000000000000e+02 1.202099906948921216e+03
2.570000000000000000e+02 1.289920649901711840e+03
2.580000000000000000e+02 1.225174927127000274e+03
2.590000000000000000e+02 8.285435679990998779e+02
2.600000000000000000e+02 1.548584711032001223e+03
2.610000000000000000e+02 1.123288810744657439e+03
2.620000000000000000e+02 1.326114157133689332e+03
2.630000000000000000e+02 1.233745067987081484e+03
2.640000000000000000e+02 1.106265172809910609e+03
2.650000000000000000e+02 1.088135778125198613e+03
2.660000000000000000e+02 1.837324220492479526e+03
2.670000000000000000e+02 1.687822217768871496e+03
2.680000000000000000e+02 1.628398232474121187e+03
2.690000000000000000e+02 1.332559192571991616e+03
2.700000000000000000e+02 2.408371066243330915e+03
2.710000000000000000e+02 1.448362128814484777e+03
2.720000000000000000e+02 1.324973399075861835e+03
2.730000000000000000e+02 1.368546014227943260e+03
2.740000000000000000e+02 1.700985505137207838e+03
2.750000000000000000e+02 1.021323137434152500e+03
2.760000000000000000e+02 1.562209226940889948e+03
2.770000000000000000e+02 1.321194352462754978e+03
2.780000000000000000e+02 1.455963422266271664e+03
2.790000000000000000e+02 1.282582933824233805e+03
2.800000000000000000e+02 1.403595624976064300e+03
2.810000000000000000e+02 1.034121388536846553e+03
2.820000000000000000e+02 1.231259621022011970e+03
2.830000000000000000e+02 1.750030263271245985e+03
2.840000000000000000e+02 1.404825847926143979e+03
2.850000000000000000e+02 1.594205550682975627e+03
2.860000000000000000e+02 1.104334726157064324e+03
2.870000000000000000e+02 1.509853967054413033e+03
2.880000000000000000e+02 1.104444824600960828e+03
2.890000000000000000e+02 1.410398215631980293e+03
2.900000000000000000e+02 1.362743896673900963e+03
2.910000000000000000e+02 1.926149176955702842e+03
2.920000000000000000e+02 1.497055130785679239e+03
2.930000000000000000e+02 1.115713274794980862e+03
2.940000000000000000e+02 1.614917821965462281e+03
2.950000000000000000e+02 1.259478161162841616e+03
2.960000000000000000e+02 1.209162574035928628e+03
2.970000000000000000e+02 1.382714982278120715e+03
2.980000000000000000e+02 9.715098655842264179e+02
2.990000000000000000e+02 1.554837166775623700e+03
3.000000000000000000e+02 1.353177717031085194e+03
3.010000000000000000e+02 1.389238960047337059e+03
3.020000000000000000e+02 1.217634421563309388e+03
3.030000000000000000e+02 1.294389242384312638e+03
3.040000000000000000e+02 1.217168173430233992e+03
3.050000000000000000e+02 1.438328351841409130e+03
3.060000000000000000e+02 1.490684562188353993e+03
3.070000000000000000e+02 1.056074392236095491e+03
3.080000000000000000e+02 1.439986385113881397e+03
3.090000000000000000e+02 1.791089049579948096e+03
3.100000000000000000e+02 1.434790888470150321e+03
3.110000000000000000e+02 1.257590156368426278e+03
3.120000000000000000e+02 1.862415534431017704e+03
3.130000000000000000e+02 1.215836671846157287e+03
3.140000000000000000e+02 1.230417807443057882e+03
3.150000000000000000e+02 1.420173033396058372e+03
3.160000000000000000e+02 1.054892269808018455e+03
3.170000000000000000e+02 1.091700910438850315e+03
3.180000000000000000e+02 1.131440595451530726e+03
3.190000000000000000e+02 1.571032138418795739e+03
3.200000000000000000e+02 1.538729429925121167e+03
3.210000000000000000e+02 1.475307385868809206e+03
3.220000000000000000e+02 8.043219827204927697e+02
3.230000000000000000e+02 8.878659429174050501e+02
3.240000000000000000e+02 1.665944772179757820e+03
3.250000000000000000e+02 1.806908480420831438e+03
3.260000000000000000e+02 1.398055404200167686e+03
3.270000000000000000e+02 1.362897376369027370e+03
3.280000000000000000e+02 1.167334660677936654e+03
3.290000000000000000e+02 1.253534858188283124e+03
3.300000000000000000e+02 1.468176405517255489e+03
3.310000000000000000e+02 1.013979854787816180e+03
3.320000000000000000e+02 1.313276987577239424e+03
3.330000000000000000e+02 1.524607290069184273e+03
3.340000000000000000e+02 1.988257495983532408e+03
3.350000000000000000e+02 1.751631220088356031e+03
3.360000000000000000e+02 1.007963517570962722e+03
3.370000000000000000e+02 1.653573875959601082e+03
3.380000000000000000e+02 1.665971615984171876e+03
3.390000000000000000e+02 1.317824102558931145e+03
3.400000000000000000e+02 2.594769573210400267e+03
3.410000000000000000e+02 1.511153062308102790e+03
3.420000000000000000e+02 1.660297490052548255e+03
3.430000000000000000e+02 1.227489883855250355e+03
3.440000000000000000e+02 1.535286993324643845e+03
3.450000000000000000e+02 1.469546156207195963e+03
3.460000000000000000e+02 1.462741195553846637e+03
3.470000000000000000e+02 1.351472204726017253e+03
3.480000000000000000e+02 1.563170874741322677e+03
3.490000000000000000e+02 1.000393336250671268e+03
3.500000000000000000e+02 1.483622938290574439e+03
3.510000000000000000e+02 8.117765491536623585e+02
3.520000000000000000e+02 1.316119917533548460e+03
3.530000000000000000e+02 1.439007606202988427e+03
3.540000000000000000e+02 1.219769038589433421e+03
3.550000000000000000e+02 1.258987057331422193e+03
3.560000000000000000e+02 1.519002211943691691e+03
3.570000000000000000e+02 1.156640755790976300e+03
3.580000000000000000e+02 1.931607431394601235e+03
3.590000000000000000e+02 2.294947077941361840e+03
3.600000000000000000e+02 1.451937931894748090e+03
3.610000000000000000e+02 1.323071032502175740e+03
3.620000000000000000e+02 1.343266832523226640e+03
3.630000000000000000e+02 1.379801450466137794e+03
3.640000000000000000e+02 1.182717932119927809e+03
3.650000000000000000e+02 1.601914382340986094e+03
3.660000000000000000e+02 1.564199300716455809e+03
3.670000000000000000e+02 1.315774004336798271e+03
3.680000000000000000e+02 1.212041354191709161e+03
3.690000000000000000e+02 9.783294197089455793e+02
3.700000000000000000e+02 2.181862678522522856e+03
3.710000000000000000e+02 1.109971038978945671e+03
3.720000000000000000e+02 1.102858383716459457e+03
3.730000000000000000e+02 1.146891301086614931e+03
