# realization, variance of unmasked pixels in NSIDE=16 map
4.990000000000000000e+02 1.072885445725293721e+03
5.000000000000000000e+02 1.318521352931515594e+03
5.010000000000000000e+02 2.288041679159066462e+03
5.020000000000000000e+02 1.775169456922326617e+03
5.030000000000000000e+02 1.566648320421393237e+03
5.040000000000000000e+02 1.444122412131036072e+03
5.050000000000000000e+02 1.040977018564342188e+03
5.060000000000000000e+02 1.315078910531999099e+03
5.070000000000000000e+02 1.309660991582433553e+03
5.080000000000000000e+02 1.909858406155799685e+03
5.090000000000000000e+02 1.494070982750973144e+03
5.100000000000000000e+02 1.026618362647252980e+03
5.110000000000000000e+02 2.300109804760391398e+03
5.120000000000000000e+02 1.590895356832434345e+03
5.130000000000000000e+02 1.945248625908499434e+03
5.140000000000000000e+02 1.312533914742651632e+03
5.150000000000000000e+02 9.492942819278887328e+02
5.160000000000000000e+02 1.358422847555189946e+03
5.170000000000000000e+02 2.051032096256042678e+03
5.180000000000000000e+02 1.326134800701766835e+03
5.190000000000000000e+02 1.528708636896798680e+03
5.200000000000000000e+02 1.513992626187290398e+03
5.210000000000000000e+02 1.511294613742970341e+03
5.220000000000000000e+02 1.541280809356426289e+03
5.230000000000000000e+02 1.599939399978003621e+03
5.240000000000000000e+02 1.707236390317928453e+03
5.250000000000000000e+02 1.421705145173886422e+03
5.260000000000000000e+02 2.064341468835654723e+03
5.270000000000000000e+02 1.216426124446499671e+03
5.280000000000000000e+02 1.024232444113253905e+03
5.290000000000000000e+02 1.139653144234884621e+03
5.300000000000000000e+02 1.835579986239014715e+03
5.310000000000000000e+02 1.019694588365538493e+03
5.320000000000000000e+02 1.559729521146410889e+03
5.330000000000000000e+02 8.765075750533951577e+02
5.340000000000000000e+02 1.304499065152155936e+03
5.350000000000000000e+02 1.705755296802577277e+03
5.360000000000000000e+02 7.795771699800988017e+02
5.370000000000000000e+02 1.403694945381355183e+03
5.380000000000000000e+02 9.665460612745278013e+02
5.390000000000000000e+02 1.631168451518287839e+03
5.400000000000000000e+02 1.336292901651341026e+03
5.410000000000000000e+02 1.977182516944440067e+03
5.420000000000000000e+02 1.113246652416871939e+03
5.430000000000000000e+02 1.501529850602683837e+03
5.440000000000000000e+02 1.383794053346578266e+03
5.450000000000000000e+02 1.423714137275747362e+03
5.460000000000000000e+02 1.653867119142537831e+03
5.470000000000000000e+02 1.418146128876774583e+03
5.480000000000000000e+02 1.873398423687029435e+03
5.490000000000000000e+02 1.607988795230137157e+03
5.500000000000000000e+02 2.359268627078258760e+03
5.510000000000000000e+02 1.265782388708367307e+03
5.520000000000000000e+02 1.189227287262016944e+03
5.530000000000000000e+02 1.679905165641650683e+03
5.540000000000000000e+02 2.055851603453243570e+03
5.550000000000000000e+02 1.389178795152014573e+03
5.560000000000000000e+02 8.745436387772075477e+02
5.570000000000000000e+02 1.125170495295719775e+03
5.580000000000000000e+02 1.408900688850767665e+03
5.590000000000000000e+02 1.802097845183409845e+03
5.600000000000000000e+02 1.028370182900088366e+03
5.610000000000000000e+02 1.478658248464000280e+03
5.620000000000000000e+02 1.002273339275079820e+03
5.630000000000000000e+02 1.235631621833031886e+03
5.640000000000000000e+02 1.658163935868415138e+03
5.650000000000000000e+02 1.025122602546001190e+03
5.660000000000000000e+02 1.479077717371297467e+03
5.670000000000000000e+02 1.102170758146533899e+03
5.680000000000000000e+02 2.218631225472928691e+03
5.690000000000000000e+02 1.180234650330962040e+03
5.700000000000000000e+02 1.340789319864980143e+03
5.710000000000000000e+02 1.066558066828585197e+03
5.720000000000000000e+02 2.539355641632246261e+03
5.730000000000000000e+02 2.000758949119429644e+03
5.740000000000000000e+02 3.278808605229553905e+03
5.750000000000000000e+02 1.710185440705251040e+03
5.760000000000000000e+02 1.392555737888489602e+03
5.770000000000000000e+02 9.936556270610587944e+02
5.780000000000000000e+02 1.070673112477791847e+03
5.790000000000000000e+02 1.240823528716595774e+03
5.800000000000000000e+02 2.070526949505194352e+03
5.810000000000000000e+02 1.121763770479936056e+03
5.820000000000000000e+02 1.311683026979482065e+03
5.830000000000000000e+02 1.267515642798916133e+03
5.840000000000000000e+02 9.865109694388150956e+02
5.850000000000000000e+02 1.253891423939674041e+03
5.860000000000000000e+02 1.476821751315266056e+03
5.870000000000000000e+02 1.189761170377408462e+03
5.880000000000000000e+02 1.417555732591760034e+03
5.890000000000000000e+02 1.302254408847594050e+03
5.900000000000000000e+02 2.828692088683304519e+03
5.910000000000000000e+02 1.052911208398407780e+03
5.920000000000000000e+02 1.350319678665785432e+03
5.930000000000000000e+02 1.375885207387134642e+03
5.940000000000000000e+02 8.934872792895624798e+02
5.950000000000000000e+02 1.814027032648841896e+03
5.960000000000000000e+02 1.429066090298428662e+03
5.970000000000000000e+02 1.624668384866743736e+03
5.980000000000000000e+02 7.498092521374454691e+02
5.990000000000000000e+02 2.283802248710597723e+03
6.000000000000000000e+02 1.619190935400876469e+03
6.010000000000000000e+02 1.535636224109131945e+03
6.020000000000000000e+02 9.513994627550326868e+02
6.030000000000000000e+02 1.093936937365153199e+03
6.040000000000000000e+02 1.365818424746353230e+03
6.050000000000000000e+02 1.324636298988821636e+03
6.060000000000000000e+02 1.755239201863866128e+03
6.070000000000000000e+02 2.197284335897642904e+03
6.080000000000000000e+02 1.481090780951904662e+03
6.090000000000000000e+02 9.103908829140378884e+02
6.100000000000000000e+02 1.597550393553120784e+03
6.110000000000000000e+02 1.197918668013855040e+03
6.120000000000000000e+02 8.976122384574887292e+02
6.130000000000000000e+02 7.862038042841521701e+02
6.140000000000000000e+02 9.860393320379491797e+02
6.150000000000000000e+02 1.064927981207010134e+03
6.160000000000000000e+02 8.651003726328101493e+02
6.170000000000000000e+02 1.237419148447491807e+03
6.180000000000000000e+02 1.575242942903948460e+03
6.190000000000000000e+02 1.619217449502261843e+03
6.200000000000000000e+02 1.307100952047800547e+03
6.210000000000000000e+02 1.102793455850443252e+03
6.220000000000000000e+02 1.761728997056354274e+03
6.230000000000000000e+02 1.409522306584634634e+03
