# realization, variance of unmasked pixels in NSIDE=16 map
7.490000000000000000e+02 1.433310733136416502e+03
7.500000000000000000e+02 1.272869621735923147e+03
7.510000000000000000e+02 1.529994055306056453e+03
7.520000000000000000e+02 1.637289093335556572e+03
7.530000000000000000e+02 1.801073615010729327e+03
7.540000000000000000e+02 1.650321345044261534e+03
7.550000000000000000e+02 1.436438574396303920e+03
7.560000000000000000e+02 1.117376325858354676e+03
7.570000000000000000e+02 1.417005663271252388e+03
7.580000000000000000e+02 7.256789521160878849e+02
7.590000000000000000e+02 8.256592640537884336e+02
7.600000000000000000e+02 1.292995651669352583e+03
7.610000000000000000e+02 1.860133783897949570e+03
7.620000000000000000e+02 1.822377168575197857e+03
7.630000000000000000e+02 1.864921033768367352e+03
7.640000000000000000e+02 9.922144392768163925e+02
7.650000000000000000e+02 1.390152504980731010e+03
7.660000000000000000e+02 1.371356866042553065e+03
7.670000000000000000e+02 1.182673271669175847e+03
7.680000000000000000e+02 1.383065856907209309e+03
7.690000000000000000e+02 1.037647860904623030e+03
7.700000000000000000e+02 1.660683652053623064e+03
7.710000000000000000e+02 1.260159647321602733e+03
7.720000000000000000e+02 1.578357997038964186e+03
7.730000000000000000e+02 1.324601306029211173e+03
7.740000000000000000e+02 1.092951617226060307e+03
7.750000000000000000e+02 1.395825091640560231e+03
7.760000000000000000e+02 1.760100786433442181e+03
7.770000000000000000e+02 1.026278557555918269e+03
7.780000000000000000e+02 1.231954611883177222e+03
7.790000000000000000e+02 1.281871832707538715e+03
7.800000000000000000e+02 1.166553118672994742e+03
7.810000000000000000e+02 1.100838063465894720e+03
7.820000000000000000e+02 1.008078951431623295e+03
7.830000000000000000e+02 1.494845931125168136e+03
7.840000000000000000e+02 1.598790795591057758e+03
7.850000000000000000e+02 1.398457239586433388e+03
7.860000000000000000e+02 9.923318821054880345e+02
7.870000000000000000e+02 1.158570367238693962e+03
7.880000000000000000e+02 9.701560613681845098e+02
7.890000000000000000e+02 1.339067726534603253e+03
7.900000000000000000e+02 1.908749239303709146e+03
7.910000000000000000e+02 1.133065991532557518e+03
7.920000000000000000e+02 9.392997219460312408e+02
7.930000000000000000e+02 1.019428877376114201e+03
7.940000000000000000e+02 1.447090822664725692e+03
7.950000000000000000e+02 1.697557562687455629e+03
7.960000000000000000e+02 1.476316212415680866e+03
7.970000000000000000e+02 9.450859241891764668e+02
7.980000000000000000e+02 1.300882688056127336e+03
7.990000000000000000e+02 1.221544197097812003e+03
8.000000000000000000e+02 1.381980613294217619e+03
8.010000000000000000e+02 1.299788517732617265e+03
8.020000000000000000e+02 9.290661796146346205e+02
8.030000000000000000e+02 1.603445021398285462e+03
8.040000000000000000e+02 1.068409293690209552e+03
8.050000000000000000e+02 1.463540012976963908e+03
8.060000000000000000e+02 9.620739520234828888e+02
8.070000000000000000e+02 1.546868490579635136e+03
8.080000000000000000e+02 1.747782115939796768e+03
8.090000000000000000e+02 1.093997381349666512e+03
8.100000000000000000e+02 1.234944036133334066e+03
8.110000000000000000e+02 1.188295786998306994e+03
8.120000000000000000e+02 1.065918291882932863e+03
8.130000000000000000e+02 1.523589982666803962e+03
8.140000000000000000e+02 1.130086454622997280e+03
8.150000000000000000e+02 1.207442534234442519e+03
8.160000000000000000e+02 1.584575186205103819e+03
8.170000000000000000e+02 1.694544321700319415e+03
8.180000000000000000e+02 1.607200099348543972e+03
8.190000000000000000e+02 1.480017595924909301e+03
8.200000000000000000e+02 1.061122894251076787e+03
8.210000000000000000e+02 1.245577733041104239e+03
8.220000000000000000e+02 2.157816560250183556e+03
8.230000000000000000e+02 1.205557168398721160e+03
8.240000000000000000e+02 1.524687625288501522e+03
8.250000000000000000e+02 2.208495916814915745e+03
8.260000000000000000e+02 1.021509282753656635e+03
8.270000000000000000e+02 1.144141963011676125e+03
8.280000000000000000e+02 1.387109066507724719e+03
8.290000000000000000e+02 1.445358244871882789e+03
8.300000000000000000e+02 1.343032652337485388e+03
8.310000000000000000e+02 1.603573403056872166e+03
8.320000000000000000e+02 1.335237645309733125e+03
8.330000000000000000e+02 1.583557293781320823e+03
8.340000000000000000e+02 2.376261833240248052e+03
8.350000000000000000e+02 1.618723572050896564e+03
8.360000000000000000e+02 1.161508425710852180e+03
8.370000000000000000e+02 1.155975810213780278e+03
8.380000000000000000e+02 1.320531255970430948e+03
8.390000000000000000e+02 1.223662545866800883e+03
8.400000000000000000e+02 1.517532677651469385e+03
8.410000000000000000e+02 2.018471282236028173e+03
8.420000000000000000e+02 9.446805736865276231e+02
8.430000000000000000e+02 1.423313702335316293e+03
8.440000000000000000e+02 1.747597680750493282e+03
8.450000000000000000e+02 1.609308632417854596e+03
8.460000000000000000e+02 2.238624232852652312e+03
8.470000000000000000e+02 2.079927397506115540e+03
8.480000000000000000e+02 1.074347366555487724e+03
8.490000000000000000e+02 1.833270409114880977e+03
8.500000000000000000e+02 1.629141779182235950e+03
8.510000000000000000e+02 1.182223232460774398e+03
8.520000000000000000e+02 1.250409293520714073e+03
8.530000000000000000e+02 1.033864245200590176e+03
8.540000000000000000e+02 1.247442723478894777e+03
8.550000000000000000e+02 9.401900714666583099e+02
8.560000000000000000e+02 1.477304506448385609e+03
8.570000000000000000e+02 1.875121431187755206e+03
8.580000000000000000e+02 1.005846405891723862e+03
8.590000000000000000e+02 2.093996307112769500e+03
8.600000000000000000e+02 1.546757083342959049e+03
8.610000000000000000e+02 1.008302851053803238e+03
8.620000000000000000e+02 9.806059427205032080e+02
8.630000000000000000e+02 1.192512675348726134e+03
8.640000000000000000e+02 1.384835832815354024e+03
8.650000000000000000e+02 1.262485603429072171e+03
8.660000000000000000e+02 1.273700823808782388e+03
8.670000000000000000e+02 1.409911361522760672e+03
8.680000000000000000e+02 1.169842357422834539e+03
8.690000000000000000e+02 1.290783454491594966e+03
8.700000000000000000e+02 1.286515065368128262e+03
8.710000000000000000e+02 1.075637487343973135e+03
8.720000000000000000e+02 1.198338898597065963e+03
8.730000000000000000e+02 1.230565909803827481e+03
