# realization, alignment stat S for ell=2,3
7.490000000000000000e+02 3.258886464390771676e-01
7.500000000000000000e+02 5.423432633403200143e-01
7.510000000000000000e+02 3.316305593091901094e-01
7.520000000000000000e+02 5.026369393838762134e-01
7.530000000000000000e+02 4.798316335224959706e-01
7.540000000000000000e+02 3.515129336180549680e-01
7.550000000000000000e+02 6.257000190599565359e-01
7.560000000000000000e+02 1.711042656843584642e-01
7.570000000000000000e+02 5.811006690761173488e-01
7.580000000000000000e+02 1.327781155622710131e-02
7.590000000000000000e+02 3.148145079523513301e-01
7.600000000000000000e+02 5.234994658752084584e-01
7.610000000000000000e+02 2.811904174611669638e-01
7.620000000000000000e+02 4.935301758917590154e-01
7.630000000000000000e+02 2.640014867041071689e-01
7.640000000000000000e+02 4.665391430230489411e-01
7.650000000000000000e+02 2.711172042056633757e-01
7.660000000000000000e+02 2.406731894887338685e-01
7.670000000000000000e+02 2.402972258017337659e-01
7.680000000000000000e+02 2.451446376897699342e-01
7.690000000000000000e+02 4.076104572068722232e-01
7.700000000000000000e+02 2.837523895232418880e-01
7.710000000000000000e+02 3.405142207741875260e-01
7.720000000000000000e+02 3.531344753908152723e-01
7.730000000000000000e+02 2.438982948414410157e-01
7.740000000000000000e+02 4.882827698798442029e-01
7.750000000000000000e+02 4.547946309118053865e-01
7.760000000000000000e+02 5.275539883037846378e-01
7.770000000000000000e+02 4.705953264908617761e-01
7.780000000000000000e+02 4.382196803764286663e-01
7.790000000000000000e+02 2.109139116885982157e-01
7.800000000000000000e+02 3.862617301226191624e-01
7.810000000000000000e+02 1.974896805302555902e-01
7.820000000000000000e+02 3.256460604005853576e-01
7.830000000000000000e+02 4.678100197618006995e-01
7.840000000000000000e+02 6.829192577337058756e-01
7.850000000000000000e+02 4.314815559334035933e-01
7.860000000000000000e+02 4.448143671689648304e-01
7.870000000000000000e+02 1.484643955557474193e-01
7.880000000000000000e+02 4.266416534979561859e-01
7.890000000000000000e+02 4.701867348389172641e-01
7.900000000000000000e+02 3.484243940802102535e-01
7.910000000000000000e+02 9.190721415347363754e-02
7.920000000000000000e+02 4.582482798608455976e-01
7.930000000000000000e+02 5.354735967434449684e-01
7.940000000000000000e+02 4.838148005783125538e-01
7.950000000000000000e+02 4.496190654310006085e-01
7.960000000000000000e+02 2.475941487458583612e-01
7.970000000000000000e+02 3.177453802863971499e-01
7.980000000000000000e+02 4.348787800435023887e-01
7.990000000000000000e+02 3.202299678418977225e-01
8.000000000000000000e+02 3.381461382085877432e-01
8.010000000000000000e+02 3.396371776831945688e-01
8.020000000000000000e+02 6.393378325189800204e-01
8.030000000000000000e+02 4.771055352922244919e-01
8.040000000000000000e+02 5.011197988670287318e-01
8.050000000000000000e+02 4.352010819683555520e-01
8.060000000000000000e+02 4.614039700300886504e-01
8.070000000000000000e+02 2.487648838214187030e-01
8.080000000000000000e+02 6.802848645564107954e-01
8.090000000000000000e+02 3.770344040176895617e-01
8.100000000000000000e+02 3.505376939209394749e-01
8.110000000000000000e+02 3.816413767381179323e-01
8.120000000000000000e+02 3.707994201441591198e-01
8.130000000000000000e+02 5.513553456364498340e-01
8.140000000000000000e+02 5.390725672020032500e-01
8.150000000000000000e+02 4.127382574840555152e-01
8.160000000000000000e+02 3.115058317552546474e-01
8.170000000000000000e+02 6.004268145021393055e-01
8.180000000000000000e+02 4.195444897301954801e-01
8.190000000000000000e+02 4.947700267338377422e-01
8.200000000000000000e+02 3.541848239772378837e-01
8.210000000000000000e+02 3.270603584462838387e-01
8.220000000000000000e+02 5.277350974795332883e-01
8.230000000000000000e+02 2.841312632069715183e-01
8.240000000000000000e+02 2.206216962310183216e-01
8.250000000000000000e+02 1.847975017996352776e-01
8.260000000000000000e+02 2.086632559379989205e-01
8.270000000000000000e+02 5.304120399258819285e-01
8.280000000000000000e+02 5.337594311413190740e-01
8.290000000000000000e+02 4.580656216747610032e-01
8.300000000000000000e+02 5.981653693844056763e-01
8.310000000000000000e+02 7.169931779548667228e-01
8.320000000000000000e+02 4.084803856902383123e-01
8.330000000000000000e+02 4.515517297909184546e-01
8.340000000000000000e+02 5.343835452156974197e-01
8.350000000000000000e+02 3.305406652266539846e-01
8.360000000000000000e+02 3.999670797464743299e-01
8.370000000000000000e+02 5.802041828867859907e-01
8.380000000000000000e+02 6.593435725808166614e-01
8.390000000000000000e+02 3.452115805265927873e-01
8.400000000000000000e+02 5.299090001720225818e-01
8.410000000000000000e+02 4.819248632569364532e-01
8.420000000000000000e+02 6.077586076818390914e-01
8.430000000000000000e+02 4.735174849976597766e-01
8.440000000000000000e+02 5.533780605317092371e-01
8.450000000000000000e+02 2.409473645358526372e-01
8.460000000000000000e+02 6.095162329487949782e-01
8.470000000000000000e+02 3.268187042172432388e-01
8.480000000000000000e+02 5.026115547956718776e-01
8.490000000000000000e+02 5.226532510469950044e-01
8.500000000000000000e+02 4.403809645666427186e-01
8.510000000000000000e+02 5.026073704602848080e-01
8.520000000000000000e+02 2.919037151852595380e-01
8.530000000000000000e+02 4.035650317810925980e-01
8.540000000000000000e+02 2.709727949265597902e-01
8.550000000000000000e+02 2.455785888579421206e-01
8.560000000000000000e+02 1.956558251874903342e-01
8.570000000000000000e+02 3.836698456821114323e-01
8.580000000000000000e+02 3.129528242897487988e-01
8.590000000000000000e+02 1.551745249309768593e-01
8.600000000000000000e+02 3.052727621595753837e-01
8.610000000000000000e+02 4.375961448136083676e-01
8.620000000000000000e+02 4.098199621971880258e-01
8.630000000000000000e+02 2.554399075779335004e-01
8.640000000000000000e+02 7.213706701732210957e-01
8.650000000000000000e+02 3.966297170940977224e-01
8.660000000000000000e+02 5.647890365964695070e-01
8.670000000000000000e+02 3.159316063187692092e-01
8.680000000000000000e+02 3.814573304534141229e-01
8.690000000000000000e+02 2.464835568446439307e-01
8.700000000000000000e+02 1.960138464676671466e-01
8.710000000000000000e+02 1.036119556605155645e-01
8.720000000000000000e+02 4.314676142953144944e-01
8.730000000000000000e+02 5.676707692442796160e-01
