# realization, alignment stat S for ell=2,3
8.740000000000000000e+02 5.087619784185822835e-01
8.750000000000000000e+02 4.507663811042846302e-01
8.760000000000000000e+02 4.750740061263996616e-01
8.770000000000000000e+02 3.946997499829752454e-01
8.780000000000000000e+02 6.595592269212758874e-01
8.790000000000000000e+02 5.845674831226658208e-01
8.800000000000000000e+02 5.158156740170255494e-01
8.810000000000000000e+02 3.435171498830307812e-01
8.820000000000000000e+02 4.875256475530089229e-01
8.830000000000000000e+02 4.568894999516213140e-01
8.840000000000000000e+02 4.054134101801468160e-01
8.850000000000000000e+02 3.424558582119797134e-01
8.860000000000000000e+02 2.437524152192812321e-01
8.870000000000000000e+02 3.422408923457528895e-01
8.880000000000000000e+02 1.784642322873396525e-01
8.890000000000000000e+02 5.540181543523085006e-01
8.900000000000000000e+02 6.037458806947967327e-01
8.910000000000000000e+02 2.091848722349794187e-01
8.920000000000000000e+02 4.264946013354233845e-01
8.930000000000000000e+02 4.438579237512074727e-01
8.940000000000000000e+02 6.121793409785030171e-01
8.950000000000000000e+02 4.915923084823064504e-01
8.960000000000000000e+02 1.659208700159898464e-01
8.970000000000000000e+02 4.007347081122996091e-01
8.980000000000000000e+02 3.693934152196131637e-01
8.990000000000000000e+02 4.693932908151252636e-01
9.000000000000000000e+02 5.894871346847038174e-01
9.010000000000000000e+02 6.712003126849971357e-01
9.020000000000000000e+02 4.776204419316222860e-01
9.030000000000000000e+02 5.409316711345671935e-01
9.040000000000000000e+02 4.328031435182733144e-01
9.050000000000000000e+02 5.892035308711994768e-01
9.060000000000000000e+02 7.282614105015499106e-01
9.070000000000000000e+02 4.510856054998134135e-01
9.080000000000000000e+02 5.292803851921304981e-01
9.090000000000000000e+02 6.107652106591455743e-01
9.100000000000000000e+02 4.988600548728880923e-01
9.110000000000000000e+02 4.077131199582423871e-01
9.120000000000000000e+02 4.246857488427393523e-01
9.130000000000000000e+02 1.795465555616252151e-01
9.140000000000000000e+02 4.656772477188109716e-01
9.150000000000000000e+02 3.379867849758559362e-01
9.160000000000000000e+02 5.582069964128099082e-01
9.170000000000000000e+02 5.212077850863058304e-01
9.180000000000000000e+02 4.529601201311256875e-01
9.190000000000000000e+02 2.041249629407047017e-01
9.200000000000000000e+02 4.008339647965422636e-01
9.210000000000000000e+02 4.940005574880190764e-01
9.220000000000000000e+02 4.638889938037702443e-01
9.230000000000000000e+02 2.115300772135296770e-01
9.240000000000000000e+02 2.693312013404847716e-01
9.250000000000000000e+02 3.754345852057435207e-01
9.260000000000000000e+02 3.847184481367227904e-01
9.270000000000000000e+02 3.623154761441527150e-01
9.280000000000000000e+02 2.835723637316359125e-01
9.290000000000000000e+02 4.861634583826648370e-01
9.300000000000000000e+02 4.846633151274087337e-01
9.310000000000000000e+02 3.501095434733225154e-01
9.320000000000000000e+02 3.182884025168247200e-01
9.330000000000000000e+02 5.870493701648739071e-01
9.340000000000000000e+02 5.051214952413352055e-01
9.350000000000000000e+02 4.228021888604708844e-01
9.360000000000000000e+02 4.175784772167616121e-01
9.370000000000000000e+02 5.577213568539071131e-01
9.380000000000000000e+02 4.557958121056309708e-01
9.390000000000000000e+02 3.463362208026206090e-01
9.400000000000000000e+02 4.161730429362461847e-01
9.410000000000000000e+02 4.958828267423670000e-01
9.420000000000000000e+02 4.119247783121773310e-01
9.430000000000000000e+02 6.849261519564256995e-01
9.440000000000000000e+02 2.567701616329547964e-01
9.450000000000000000e+02 4.436680814267412454e-01
9.460000000000000000e+02 3.666452359969059049e-01
9.470000000000000000e+02 5.586283129808422565e-01
9.480000000000000000e+02 4.594202094934602965e-01
9.490000000000000000e+02 2.066262790654569137e-01
9.500000000000000000e+02 4.283628986302587260e-01
9.510000000000000000e+02 3.592401180891509616e-01
9.520000000000000000e+02 4.731811346750644520e-01
9.530000000000000000e+02 6.865871599856867569e-01
9.540000000000000000e+02 3.544578122125535136e-01
9.550000000000000000e+02 3.894343178533137828e-01
9.560000000000000000e+02 3.525517283590988704e-01
9.570000000000000000e+02 3.477004042336819256e-01
9.580000000000000000e+02 3.378536815571011043e-01
9.590000000000000000e+02 4.070199586580212636e-01
9.600000000000000000e+02 6.193577627310759004e-01
9.610000000000000000e+02 6.047504191409789343e-01
9.620000000000000000e+02 5.310391235719568170e-01
9.630000000000000000e+02 5.490811704316147512e-01
9.640000000000000000e+02 3.368602232676114472e-01
9.650000000000000000e+02 3.891801377436258647e-01
9.660000000000000000e+02 4.652811853874634918e-01
9.670000000000000000e+02 3.361851197187171736e-01
9.680000000000000000e+02 3.062717157485324027e-01
9.690000000000000000e+02 3.120985177831954727e-01
9.700000000000000000e+02 1.829504395776296866e-01
9.710000000000000000e+02 3.563850666524637223e-01
9.720000000000000000e+02 6.045285966914151210e-01
9.730000000000000000e+02 3.494344194340407994e-01
9.740000000000000000e+02 3.214515580772196457e-01
9.750000000000000000e+02 5.249647881973288355e-01
9.760000000000000000e+02 2.340552397745982172e-01
9.770000000000000000e+02 5.975480908536078273e-01
9.780000000000000000e+02 4.292527685546547178e-01
9.790000000000000000e+02 3.798534118873568843e-01
9.800000000000000000e+02 5.481016114378474136e-01
9.810000000000000000e+02 4.421100969384534340e-01
9.820000000000000000e+02 4.846566232618710335e-01
9.830000000000000000e+02 4.367153101286738170e-01
9.840000000000000000e+02 5.029797253143512004e-01
9.850000000000000000e+02 6.680131681984103897e-01
9.860000000000000000e+02 1.539574110676068530e-01
9.870000000000000000e+02 4.808069798975220799e-01
9.880000000000000000e+02 4.944938000714299009e-01
9.890000000000000000e+02 4.057669382616762022e-01
9.900000000000000000e+02 3.695952821253485898e-01
9.910000000000000000e+02 4.974920411363898398e-01
9.920000000000000000e+02 5.718620204791203809e-01
9.930000000000000000e+02 7.184943641006024118e-01
9.940000000000000000e+02 6.061994974292440608e-01
9.950000000000000000e+02 2.663041625480931929e-01
9.960000000000000000e+02 4.993490133350401705e-01
9.970000000000000000e+02 3.250046645600984663e-01
9.980000000000000000e+02 2.094167214086627704e-01
9.990000000000000000e+02 7.228008371545349142e-01
