# realization, alignment stat S for ell=2,3
2.490000000000000000e+02 2.169292731950099862e-01
2.500000000000000000e+02 3.681747603831055926e-01
2.510000000000000000e+02 4.192112955968354537e-01
2.520000000000000000e+02 5.614249836224257661e-01
2.530000000000000000e+02 4.162972594956608763e-01
2.540000000000000000e+02 4.265324936195372119e-01
2.550000000000000000e+02 3.899750885620675844e-01
2.560000000000000000e+02 4.603957840366068588e-01
2.570000000000000000e+02 3.180836439921974623e-01
2.580000000000000000e+02 2.477272893650550312e-01
2.590000000000000000e+02 4.112032538813791827e-01
2.600000000000000000e+02 2.625771961794138853e-01
2.610000000000000000e+02 6.125110338269178500e-01
2.620000000000000000e+02 2.763079735739534804e-01
2.630000000000000000e+02 3.046286172971111594e-01
2.640000000000000000e+02 3.841847961857634552e-01
2.650000000000000000e+02 5.991518045863787334e-01
2.660000000000000000e+02 3.286158808183194946e-01
2.670000000000000000e+02 4.519870169111233627e-01
2.680000000000000000e+02 4.920722237858394799e-01
2.690000000000000000e+02 5.238309425602155622e-01
2.700000000000000000e+02 4.638196102766690143e-01
2.710000000000000000e+02 4.145085686063202934e-01
2.720000000000000000e+02 3.405184504122374389e-01
2.730000000000000000e+02 2.832481107138641319e-01
2.740000000000000000e+02 5.018321190286950673e-01
2.750000000000000000e+02 3.587653542591122680e-01
2.760000000000000000e+02 2.252975512236208289e-01
2.770000000000000000e+02 3.725462544960739808e-01
2.780000000000000000e+02 5.461187169759079696e-01
2.790000000000000000e+02 6.169685182541354562e-01
2.800000000000000000e+02 3.599692873812499472e-01
2.810000000000000000e+02 4.730833222044706354e-01
2.820000000000000000e+02 8.158340618746633410e-01
2.830000000000000000e+02 6.650234658091384032e-01
2.840000000000000000e+02 5.522353725165086713e-01
2.850000000000000000e+02 6.947224714352544517e-01
2.860000000000000000e+02 5.127767704602360227e-02
2.870000000000000000e+02 5.646152553154387688e-01
2.880000000000000000e+02 6.853788418602274612e-01
2.890000000000000000e+02 2.381837602865795323e-01
2.900000000000000000e+02 4.800577206495509341e-01
2.910000000000000000e+02 3.665447122269696600e-01
2.920000000000000000e+02 5.826952998772783054e-01
2.930000000000000000e+02 4.872551354575387905e-01
2.940000000000000000e+02 4.842604983756302883e-01
2.950000000000000000e+02 4.113996215553620828e-01
2.960000000000000000e+02 4.537458657470699319e-01
2.970000000000000000e+02 4.619089085377070525e-01
2.980000000000000000e+02 4.262478209759519854e-01
2.990000000000000000e+02 3.787745997750643911e-01
3.000000000000000000e+02 6.716369055375762676e-01
3.010000000000000000e+02 4.436502158037740062e-01
3.020000000000000000e+02 3.457027125620892316e-01
3.030000000000000000e+02 4.433988417461975362e-01
3.040000000000000000e+02 3.136355113232069947e-01
3.050000000000000000e+02 6.029212663448388909e-01
3.060000000000000000e+02 1.816866391950913429e-01
3.070000000000000000e+02 6.235844852326645205e-01
3.080000000000000000e+02 5.081058075270374896e-01
3.090000000000000000e+02 7.261188143006273021e-01
3.100000000000000000e+02 6.200059551783438927e-01
3.110000000000000000e+02 3.946644383853220028e-01
3.120000000000000000e+02 2.200139708965526408e-01
3.130000000000000000e+02 4.701940767968438295e-01
3.140000000000000000e+02 3.715854346974516997e-01
3.150000000000000000e+02 2.742987564833481717e-01
3.160000000000000000e+02 3.851630358752073935e-01
3.170000000000000000e+02 4.761635766245302381e-01
3.180000000000000000e+02 4.582217149695502201e-01
3.190000000000000000e+02 3.856576609785095644e-01
3.200000000000000000e+02 2.445866057892392975e-01
3.210000000000000000e+02 3.288866744547057075e-01
3.220000000000000000e+02 4.398391677579484571e-01
3.230000000000000000e+02 5.565188836207707324e-01
3.240000000000000000e+02 2.855430008296014899e-01
3.250000000000000000e+02 2.508739675431290173e-01
3.260000000000000000e+02 3.937310137907731877e-01
3.270000000000000000e+02 7.861540211890227781e-02
3.280000000000000000e+02 3.591911246776591793e-01
3.290000000000000000e+02 2.171395240472839827e-01
3.300000000000000000e+02 6.099586369810751085e-01
3.310000000000000000e+02 6.228416333430907281e-01
3.320000000000000000e+02 4.520448149216091394e-01
3.330000000000000000e+02 4.451751396124488669e-01
3.340000000000000000e+02 5.443135827273604122e-01
3.350000000000000000e+02 3.886207459952932264e-01
3.360000000000000000e+02 5.424698201819522225e-01
3.370000000000000000e+02 4.608587142611324516e-01
3.380000000000000000e+02 5.690365126783657468e-01
3.390000000000000000e+02 2.139619544018541986e-01
3.400000000000000000e+02 2.162171661489948049e-01
3.410000000000000000e+02 3.360579195062202706e-01
3.420000000000000000e+02 5.539225875740355631e-01
3.430000000000000000e+02 4.009009126036127690e-01
3.440000000000000000e+02 3.462044898853451347e-01
3.450000000000000000e+02 1.200403948794599301e-01
3.460000000000000000e+02 4.871346721159712234e-01
3.470000000000000000e+02 5.682119504795885012e-01
3.480000000000000000e+02 4.195089467251405524e-01
3.490000000000000000e+02 3.462282268671626473e-01
3.500000000000000000e+02 2.437858145436016810e-01
3.510000000000000000e+02 6.566539627402230295e-01
3.520000000000000000e+02 4.172483503494605617e-01
3.530000000000000000e+02 1.573667685835081487e-01
3.540000000000000000e+02 7.333932427938073539e-01
3.550000000000000000e+02 4.951639045416882934e-01
3.560000000000000000e+02 6.701374232600271208e-01
3.570000000000000000e+02 3.525305273815260709e-01
3.580000000000000000e+02 5.388972263522301409e-01
3.590000000000000000e+02 3.633116553533001780e-01
3.600000000000000000e+02 3.239714265290693507e-01
3.610000000000000000e+02 4.257185368530791436e-01
3.620000000000000000e+02 3.756662753575892855e-01
3.630000000000000000e+02 4.115898384031419499e-01
3.640000000000000000e+02 1.210483530138991987e-01
3.650000000000000000e+02 2.116858598189650664e-01
3.660000000000000000e+02 5.405731748173655538e-01
3.670000000000000000e+02 7.161953234039307725e-01
3.680000000000000000e+02 3.281709800611982697e-01
3.690000000000000000e+02 3.442699559494520334e-01
3.700000000000000000e+02 2.643164399197855952e-01
3.710000000000000000e+02 7.908884495046302199e-01
3.720000000000000000e+02 2.465673890347717390e-01
3.730000000000000000e+02 5.186308926385109208e-01
