# realization, alignment stat S for ell=2,3
1.240000000000000000e+02 4.393488991384094100e-01
1.250000000000000000e+02 2.744308249889308993e-01
1.260000000000000000e+02 4.449474524621394589e-01
1.270000000000000000e+02 2.746411116030008093e-01
1.280000000000000000e+02 3.294650591027689646e-01
1.290000000000000000e+02 4.881624074329416474e-01
1.300000000000000000e+02 4.060188888149185438e-01
1.310000000000000000e+02 5.954996747742372643e-01
1.320000000000000000e+02 4.744947551941011699e-01
1.330000000000000000e+02 2.472644874649917168e-01
1.340000000000000000e+02 4.070522061970714423e-01
1.350000000000000000e+02 4.802852378535655276e-01
1.360000000000000000e+02 5.127678843656597873e-01
1.370000000000000000e+02 1.633799095258041678e-01
1.380000000000000000e+02 4.264130704440798891e-01
1.390000000000000000e+02 5.472795267796132235e-01
1.400000000000000000e+02 3.940309595327200487e-01
1.410000000000000000e+02 4.387224095503268195e-01
1.420000000000000000e+02 4.423675512535283905e-01
1.430000000000000000e+02 3.305186939447260497e-01
1.440000000000000000e+02 2.909336088771021234e-01
1.450000000000000000e+02 5.259947887384858189e-01
1.460000000000000000e+02 1.390704652883865966e-01
1.470000000000000000e+02 3.470701401443600509e-01
1.480000000000000000e+02 4.386104763011605123e-01
1.490000000000000000e+02 3.809793859163139729e-01
1.500000000000000000e+02 2.295793874064054607e-01
1.510000000000000000e+02 4.414945793384308925e-01
1.520000000000000000e+02 4.335859773747889334e-01
1.530000000000000000e+02 4.352700436378336701e-01
1.540000000000000000e+02 4.832142997184595834e-01
1.550000000000000000e+02 2.636596662841571570e-01
1.560000000000000000e+02 4.770454238262504809e-01
1.570000000000000000e+02 4.165547759811614736e-01
1.580000000000000000e+02 5.694597761098457722e-01
1.590000000000000000e+02 3.860948402248054467e-01
1.600000000000000000e+02 5.678694953818572699e-01
1.610000000000000000e+02 4.381028938015603114e-01
1.620000000000000000e+02 4.313619335205352567e-01
1.630000000000000000e+02 3.303734645316800944e-01
1.640000000000000000e+02 3.751508321287083114e-01
1.650000000000000000e+02 4.219654585445660189e-01
1.660000000000000000e+02 3.948246285418122725e-01
1.670000000000000000e+02 5.058130959483335687e-01
1.680000000000000000e+02 4.104869809635990907e-01
1.690000000000000000e+02 4.656266547119514709e-01
1.700000000000000000e+02 1.957377804794778742e-01
1.710000000000000000e+02 2.710849110656424199e-01
1.720000000000000000e+02 5.129295712133908891e-01
1.730000000000000000e+02 4.328083132224660456e-01
1.740000000000000000e+02 4.768931878400259894e-01
1.750000000000000000e+02 6.736309714609715060e-01
1.760000000000000000e+02 3.313423628457986547e-01
1.770000000000000000e+02 5.067263150540773919e-01
1.780000000000000000e+02 3.844047971320949664e-01
1.790000000000000000e+02 5.128528864832863077e-01
1.800000000000000000e+02 1.963379121028672181e-01
1.810000000000000000e+02 4.178122587875367500e-01
1.820000000000000000e+02 1.590725198805647278e-01
1.830000000000000000e+02 2.012048545783117204e-01
1.840000000000000000e+02 7.589793007146843351e-01
1.850000000000000000e+02 5.876386351500889615e-01
1.860000000000000000e+02 5.467667826051259006e-01
1.870000000000000000e+02 7.241762678705505607e-01
1.880000000000000000e+02 4.571559776742770143e-01
1.890000000000000000e+02 2.841439953760469539e-01
1.900000000000000000e+02 5.590235278352226889e-01
1.910000000000000000e+02 6.240758839879002595e-01
1.920000000000000000e+02 3.629844497393685532e-01
1.930000000000000000e+02 6.408589311540352496e-01
1.940000000000000000e+02 5.245701259418128481e-01
1.950000000000000000e+02 4.219858651874558997e-01
1.960000000000000000e+02 2.724310878373943923e-01
1.970000000000000000e+02 5.581773585003030336e-01
1.980000000000000000e+02 1.245404335172118904e-01
1.990000000000000000e+02 4.195181751943899418e-01
2.000000000000000000e+02 4.029397582575081072e-01
2.010000000000000000e+02 5.701702615158449339e-01
2.020000000000000000e+02 2.407330921897253839e-01
2.030000000000000000e+02 4.410246443401422134e-01
2.040000000000000000e+02 2.857302754296288660e-01
2.050000000000000000e+02 3.235487265688178904e-01
2.060000000000000000e+02 3.131933791878869777e-01
2.070000000000000000e+02 4.758027772646496456e-01
2.080000000000000000e+02 2.875525152833410258e-01
2.090000000000000000e+02 5.503037049948805715e-01
2.100000000000000000e+02 3.273843085091763250e-01
2.110000000000000000e+02 4.014512942603569168e-01
2.120000000000000000e+02 2.276240355870660370e-01
2.130000000000000000e+02 1.894644687725539622e-01
2.140000000000000000e+02 2.966993140679667351e-01
2.150000000000000000e+02 5.759289802314958573e-01
2.160000000000000000e+02 1.254603044545488932e-01
2.170000000000000000e+02 7.523510824502800676e-02
2.180000000000000000e+02 4.782503638164148918e-01
2.190000000000000000e+02 2.020865753368732420e-01
2.200000000000000000e+02 3.248771305102751694e-01
2.210000000000000000e+02 5.990701842001048272e-01
2.220000000000000000e+02 5.409373077974144461e-01
2.230000000000000000e+02 5.486057944792025465e-01
2.240000000000000000e+02 3.945108023730321545e-01
2.250000000000000000e+02 5.546927344046547192e-01
2.260000000000000000e+02 5.825249941973109635e-01
2.270000000000000000e+02 4.422295418062220929e-01
2.280000000000000000e+02 5.596093708282721124e-01
2.290000000000000000e+02 2.885016342347468954e-01
2.300000000000000000e+02 4.006092266108611799e-01
2.310000000000000000e+02 2.823904487351622805e-01
2.320000000000000000e+02 4.247360146879188836e-01
2.330000000000000000e+02 3.401497572435758787e-01
2.340000000000000000e+02 4.322921011458853435e-01
2.350000000000000000e+02 2.017405000329530462e-01
2.360000000000000000e+02 4.046852875388043391e-01
2.370000000000000000e+02 4.657559390833207469e-01
2.380000000000000000e+02 4.317936805634712272e-01
2.390000000000000000e+02 6.734595544829353742e-01
2.400000000000000000e+02 4.439452466963544341e-01
2.410000000000000000e+02 4.151818270247358833e-01
2.420000000000000000e+02 3.947022566567917612e-01
2.430000000000000000e+02 1.830157297127294191e-01
2.440000000000000000e+02 4.110304697068440372e-01
2.450000000000000000e+02 5.618124704639319011e-01
2.460000000000000000e+02 3.199925033675963815e-01
2.470000000000000000e+02 3.942573375567999250e-01
2.480000000000000000e+02 4.783664061371097342e-01
