# realization, ALV for LVd08n16
6.240000000000000000e+02 8.593042391050562112e-02
6.250000000000000000e+02 1.099625411102069655e-01
6.260000000000000000e+02 1.070580692350545787e-01
6.270000000000000000e+02 1.164716848309283459e-01
6.280000000000000000e+02 1.031960057342473647e-01
6.290000000000000000e+02 3.321087176158481202e-02
6.300000000000000000e+02 9.012617947112544492e-02
6.310000000000000000e+02 7.757305899666847027e-02
6.320000000000000000e+02 1.562884711849570896e-01
6.330000000000000000e+02 8.137925474264010028e-02
6.340000000000000000e+02 1.128720496258933115e-01
6.350000000000000000e+02 8.630957520619743362e-02
6.360000000000000000e+02 8.937212386999213165e-02
6.370000000000000000e+02 7.447374077822190019e-02
6.380000000000000000e+02 5.033947406970805394e-02
6.390000000000000000e+02 1.502962500803016743e-01
6.400000000000000000e+02 2.065139247178683357e-01
6.410000000000000000e+02 4.652367161834598808e-02
6.420000000000000000e+02 6.092207815281869276e-02
6.430000000000000000e+02 9.877108191763121769e-02
6.440000000000000000e+02 8.342980522321248593e-02
6.450000000000000000e+02 8.188988875129425693e-02
6.460000000000000000e+02 2.052621618036807594e-01
6.470000000000000000e+02 8.815045383747975583e-02
6.480000000000000000e+02 1.012027087954134458e-01
6.490000000000000000e+02 1.338157781512615829e-01
6.500000000000000000e+02 8.204328256506898676e-02
6.510000000000000000e+02 1.453040798130058320e-01
6.520000000000000000e+02 7.096907714733488581e-02
6.530000000000000000e+02 4.882809729622374778e-02
6.540000000000000000e+02 9.449326520169319676e-02
6.550000000000000000e+02 9.209549820380723284e-02
6.560000000000000000e+02 7.511356473177695225e-02
6.570000000000000000e+02 1.458717622003030956e-01
6.580000000000000000e+02 8.726413670201108030e-02
6.590000000000000000e+02 7.466703430275378750e-02
6.600000000000000000e+02 6.879348624600296891e-02
6.610000000000000000e+02 1.201141654871204084e-01
6.620000000000000000e+02 6.072041296342956668e-02
6.630000000000000000e+02 7.345763036358182729e-02
6.640000000000000000e+02 1.882339542854166159e-01
6.650000000000000000e+02 1.341524483647494603e-01
6.660000000000000000e+02 1.903692069693221911e-01
6.670000000000000000e+02 7.922667565865068595e-02
6.680000000000000000e+02 1.332290491704550273e-01
6.690000000000000000e+02 1.929502288068742077e-01
6.700000000000000000e+02 5.344431700506291349e-02
6.710000000000000000e+02 7.798031477852673810e-02
6.720000000000000000e+02 5.169066933228210620e-02
6.730000000000000000e+02 1.053647928023403596e-01
6.740000000000000000e+02 4.634590619242227871e-02
6.750000000000000000e+02 1.209777779575519491e-01
6.760000000000000000e+02 9.543641462972073108e-02
6.770000000000000000e+02 1.373402955314852736e-01
6.780000000000000000e+02 1.456488447231573391e-01
6.790000000000000000e+02 8.055739866844500996e-02
6.800000000000000000e+02 1.055608362704666542e-01
6.810000000000000000e+02 1.162261324144012314e-01
6.820000000000000000e+02 1.519084710020048856e-01
6.830000000000000000e+02 1.667971590644973801e-01
6.840000000000000000e+02 2.490629395695121220e-02
6.850000000000000000e+02 8.390951471154410590e-02
6.860000000000000000e+02 8.358130406255459555e-02
6.870000000000000000e+02 2.839576053264253677e-02
6.880000000000000000e+02 8.768017881516673717e-02
6.890000000000000000e+02 1.247174684279238610e-01
6.900000000000000000e+02 9.046958979385201494e-02
6.910000000000000000e+02 1.056170273900560175e-01
6.920000000000000000e+02 7.711737186014314127e-02
6.930000000000000000e+02 1.008070438181332545e-01
6.940000000000000000e+02 5.959081100795949465e-02
6.950000000000000000e+02 1.840962561876857140e-01
6.960000000000000000e+02 1.057395865358129600e-01
6.970000000000000000e+02 6.507602508070664538e-02
6.980000000000000000e+02 5.458917889650227034e-02
6.990000000000000000e+02 6.202884422001664344e-02
7.000000000000000000e+02 5.819923047102950470e-02
7.010000000000000000e+02 1.185237586774392365e-01
7.020000000000000000e+02 1.236343547241624263e-01
7.030000000000000000e+02 6.495965264280816054e-02
7.040000000000000000e+02 1.068979920558967706e-01
7.050000000000000000e+02 5.242256729435161577e-02
7.060000000000000000e+02 3.652695887343986730e-02
7.070000000000000000e+02 9.730955763443768780e-02
7.080000000000000000e+02 9.003785140419813537e-02
7.090000000000000000e+02 4.449235175458814140e-02
7.100000000000000000e+02 1.669100992398347971e-01
7.110000000000000000e+02 1.420677467278929351e-01
7.120000000000000000e+02 9.496583480667905586e-02
7.130000000000000000e+02 7.716940340465171244e-02
7.140000000000000000e+02 1.181904632906596447e-01
7.150000000000000000e+02 8.920348081215948022e-02
7.160000000000000000e+02 1.183351062434795514e-01
7.170000000000000000e+02 9.525105832412027185e-02
7.180000000000000000e+02 1.617558515260119900e-01
7.190000000000000000e+02 1.119617827196666277e-01
7.200000000000000000e+02 3.740100848203575107e-02
7.210000000000000000e+02 8.995033371456415128e-02
7.220000000000000000e+02 1.266523476695596839e-01
7.230000000000000000e+02 7.404189497885239890e-02
7.240000000000000000e+02 1.064464294933698124e-01
7.250000000000000000e+02 1.123400713820311980e-01
7.260000000000000000e+02 1.295140761690390385e-01
7.270000000000000000e+02 8.985432022563046017e-02
7.280000000000000000e+02 1.798792070929721154e-01
7.290000000000000000e+02 8.362079445767364727e-02
7.300000000000000000e+02 8.457633960620362934e-02
7.310000000000000000e+02 1.161870533865903138e-01
7.320000000000000000e+02 5.900709495273772504e-02
7.330000000000000000e+02 9.972670887463767897e-02
7.340000000000000000e+02 1.039462594784523186e-01
7.350000000000000000e+02 6.365020160036853614e-02
7.360000000000000000e+02 7.948489713524778399e-02
7.370000000000000000e+02 1.098321858440520771e-01
7.380000000000000000e+02 1.513633998864699903e-01
7.390000000000000000e+02 7.964946001631693917e-02
7.400000000000000000e+02 7.688466994162782009e-02
7.410000000000000000e+02 1.179301867961568273e-01
7.420000000000000000e+02 1.021840628357296304e-01
7.430000000000000000e+02 1.186599991730805936e-01
7.440000000000000000e+02 9.277178660901880258e-02
7.450000000000000000e+02 1.167202090495350481e-01
7.460000000000000000e+02 1.024589882009320635e-01
7.470000000000000000e+02 5.337744668229622153e-02
7.480000000000000000e+02 3.059862042408563465e-02
