# realization, ALV for LVd08n16
8.740000000000000000e+02 1.579655312349725060e-01
8.750000000000000000e+02 7.457437792891573325e-02
8.760000000000000000e+02 9.036460830330807215e-02
8.770000000000000000e+02 1.416894806728913603e-01
8.780000000000000000e+02 1.291363754608017278e-01
8.790000000000000000e+02 1.110892244946981439e-01
8.800000000000000000e+02 1.390730860940843916e-01
8.810000000000000000e+02 7.550906838409968125e-02
8.820000000000000000e+02 1.643150892370332794e-01
8.830000000000000000e+02 4.252785431186591192e-02
8.840000000000000000e+02 1.143715728288182271e-01
8.850000000000000000e+02 1.808401511927916205e-01
8.860000000000000000e+02 3.776215656710781715e-02
8.870000000000000000e+02 1.148151134382542349e-01
8.880000000000000000e+02 1.288225097047690226e-01
8.890000000000000000e+02 5.999150834340734317e-02
8.900000000000000000e+02 9.145407248500242448e-02
8.910000000000000000e+02 1.071951785908927673e-01
8.920000000000000000e+02 7.899346271827598076e-02
8.930000000000000000e+02 1.353457741369496758e-01
8.940000000000000000e+02 7.591799607414079221e-02
8.950000000000000000e+02 4.563940228232847562e-02
8.960000000000000000e+02 9.009398764677388483e-02
8.970000000000000000e+02 1.165629105024588025e-01
8.980000000000000000e+02 1.088242597019465491e-01
8.990000000000000000e+02 5.681994364867078845e-02
9.000000000000000000e+02 3.486917709701926882e-02
9.010000000000000000e+02 6.428100253943333509e-02
9.020000000000000000e+02 1.200113346870036596e-01
9.030000000000000000e+02 6.711475145243805951e-02
9.040000000000000000e+02 1.614223188086426064e-01
9.050000000000000000e+02 9.805102995892248097e-02
9.060000000000000000e+02 5.738347123342594364e-02
9.070000000000000000e+02 1.280182877374280992e-01
9.080000000000000000e+02 1.529270679116561948e-01
9.090000000000000000e+02 1.065897197288838277e-01
9.100000000000000000e+02 1.001792869612631309e-01
9.110000000000000000e+02 8.309454534888242871e-02
9.120000000000000000e+02 9.173066255775451372e-02
9.130000000000000000e+02 6.810636419084854787e-02
9.140000000000000000e+02 1.389650876042967942e-01
9.150000000000000000e+02 4.784705008990595976e-02
9.160000000000000000e+02 9.160881754569411006e-02
9.170000000000000000e+02 4.957344121183539926e-02
9.180000000000000000e+02 3.324435355627944344e-02
9.190000000000000000e+02 1.054150009795477572e-01
9.200000000000000000e+02 1.855375119103633841e-01
9.210000000000000000e+02 9.728036967037195781e-02
9.220000000000000000e+02 8.791782773470886714e-02
9.230000000000000000e+02 1.139727134955351162e-01
9.240000000000000000e+02 9.984767999156618501e-02
9.250000000000000000e+02 7.068311724839770882e-02
9.260000000000000000e+02 9.683056854432246785e-02
9.270000000000000000e+02 5.143252832139316028e-02
9.280000000000000000e+02 1.071749693857682456e-01
9.290000000000000000e+02 1.716844108179701178e-01
9.300000000000000000e+02 7.440970156326298657e-02
9.310000000000000000e+02 9.350494616853907703e-02
9.320000000000000000e+02 1.505257457191970238e-01
9.330000000000000000e+02 1.378931261987312862e-01
9.340000000000000000e+02 1.829281688210694298e-02
9.350000000000000000e+02 4.954155022934270819e-02
9.360000000000000000e+02 1.257914517743843885e-01
9.370000000000000000e+02 4.962033050993639588e-02
9.380000000000000000e+02 2.012072906950225226e-01
9.390000000000000000e+02 9.030310112650929977e-02
9.400000000000000000e+02 7.899890174242979457e-02
9.410000000000000000e+02 1.302704389735848400e-01
9.420000000000000000e+02 7.019687924322966233e-02
9.430000000000000000e+02 1.061246801950648105e-01
9.440000000000000000e+02 1.670988513425873956e-01
9.450000000000000000e+02 5.156783760216602369e-02
9.460000000000000000e+02 4.481212601890210978e-02
9.470000000000000000e+02 2.049038028171215955e-02
9.480000000000000000e+02 1.094403805528225693e-01
9.490000000000000000e+02 9.843638199621138063e-02
9.500000000000000000e+02 1.110872795499633359e-01
9.510000000000000000e+02 1.238347601872578641e-01
9.520000000000000000e+02 9.132417332618832095e-02
9.530000000000000000e+02 1.621181670482403359e-01
9.540000000000000000e+02 7.120687357170912835e-02
9.550000000000000000e+02 1.549217662839032783e-01
9.560000000000000000e+02 9.368649629970561554e-02
9.570000000000000000e+02 4.055725781505176153e-02
9.580000000000000000e+02 8.415731232934642314e-02
9.590000000000000000e+02 8.639013887021547433e-02
9.600000000000000000e+02 3.123968626035436569e-02
9.610000000000000000e+02 7.049843061299325420e-02
9.620000000000000000e+02 2.851598079744354503e-02
9.630000000000000000e+02 1.128441917996068494e-01
9.640000000000000000e+02 1.669264753570275650e-01
9.650000000000000000e+02 1.009755312606897514e-02
9.660000000000000000e+02 1.475805491858352414e-01
9.670000000000000000e+02 8.651894576172171336e-02
9.680000000000000000e+02 1.233455280358847633e-01
9.690000000000000000e+02 1.098410536010502314e-01
9.700000000000000000e+02 7.896480307422734657e-02
9.710000000000000000e+02 1.157911322138106547e-01
9.720000000000000000e+02 1.056866518526290433e-01
9.730000000000000000e+02 5.056583372064706733e-02
9.740000000000000000e+02 2.865414627730920177e-02
9.750000000000000000e+02 9.920410853243213922e-02
9.760000000000000000e+02 1.107948920827375866e-01
9.770000000000000000e+02 1.112753465812971465e-01
9.780000000000000000e+02 8.925100473758568187e-02
9.790000000000000000e+02 1.293552944710913422e-01
9.800000000000000000e+02 7.796819475562086210e-02
9.810000000000000000e+02 9.065657008007120543e-02
9.820000000000000000e+02 1.239459717230441543e-01
9.830000000000000000e+02 1.172359238177753948e-01
9.840000000000000000e+02 6.357998789823519903e-02
9.850000000000000000e+02 9.252378936572704105e-02
9.860000000000000000e+02 1.293969109965563413e-01
9.870000000000000000e+02 5.567184228045111982e-02
9.880000000000000000e+02 8.254512487381035490e-02
9.890000000000000000e+02 7.982011809385632095e-02
9.900000000000000000e+02 1.207729399853986613e-01
9.910000000000000000e+02 1.198938669538488350e-01
9.920000000000000000e+02 8.422363935566891391e-02
9.930000000000000000e+02 4.516847068982830088e-02
9.940000000000000000e+02 8.912885090994049353e-02
9.950000000000000000e+02 9.504095451187628829e-02
9.960000000000000000e+02 6.323216079132382150e-02
9.970000000000000000e+02 1.020635438380786270e-01
9.980000000000000000e+02 7.741138785008624956e-02
9.990000000000000000e+02 8.128634747915848557e-02
