# realization, C_[ell=2] 
4.990000000000000000e+02 5.695163384374384350e+02
5.000000000000000000e+02 5.226682525272777866e+02
5.010000000000000000e+02 2.492953584170679733e+03
5.020000000000000000e+02 1.810956030087603494e+03
5.030000000000000000e+02 7.126750908239713453e+02
5.040000000000000000e+02 5.732762058678741823e+02
5.050000000000000000e+02 4.682470431404644842e+02
5.060000000000000000e+02 8.064163859834856112e+02
5.070000000000000000e+02 7.196805172905204699e+02
5.080000000000000000e+02 6.864420546530498086e+02
5.090000000000000000e+02 1.831678372107758832e+03
5.100000000000000000e+02 8.251305575942092219e+02
5.110000000000000000e+02 2.021321342445997288e+03
5.120000000000000000e+02 1.419021190012723309e+03
5.130000000000000000e+02 2.987097366405163939e+03
5.140000000000000000e+02 4.862572160587725989e+02
5.150000000000000000e+02 5.975950807879736431e+02
5.160000000000000000e+02 1.064231833598937783e+03
5.170000000000000000e+02 2.513085416345741123e+03
5.180000000000000000e+02 6.157014881733244920e+02
5.190000000000000000e+02 1.026595136612676470e+03
5.200000000000000000e+02 9.822072643187847234e+02
5.210000000000000000e+02 1.255418903604318757e+03
5.220000000000000000e+02 7.470263793887415886e+02
5.230000000000000000e+02 6.753925631187590852e+02
5.240000000000000000e+02 1.039507918808723616e+03
5.250000000000000000e+02 7.360434220829658898e+02
5.260000000000000000e+02 1.114740988421971224e+03
5.270000000000000000e+02 1.018717804917784520e+03
5.280000000000000000e+02 8.018847325472073635e+02
5.290000000000000000e+02 8.135747838423889107e+02
5.300000000000000000e+02 7.652713350980733367e+02
5.310000000000000000e+02 2.773894677072670447e+02
5.320000000000000000e+02 1.389845195919025173e+03
5.330000000000000000e+02 5.142741637428425747e+02
5.340000000000000000e+02 1.551105475607795597e+03
5.350000000000000000e+02 1.018504186753863792e+03
5.360000000000000000e+02 5.944097482935795824e+02
5.370000000000000000e+02 3.387938287617429864e+02
5.380000000000000000e+02 4.800263556223814589e+02
5.390000000000000000e+02 1.490069083570923112e+03
5.400000000000000000e+02 6.618677057254127476e+02
5.410000000000000000e+02 1.721275210725958004e+03
5.420000000000000000e+02 1.134745610749298294e+03
5.430000000000000000e+02 7.914307372705675334e+02
5.440000000000000000e+02 8.656840761642091593e+02
5.450000000000000000e+02 1.259938202016460309e+03
5.460000000000000000e+02 1.474643947797598685e+03
5.470000000000000000e+02 1.255881178246832178e+03
5.480000000000000000e+02 1.119115200792453152e+03
5.490000000000000000e+02 2.448398196810821901e+03
5.500000000000000000e+02 1.474918986264515979e+03
5.510000000000000000e+02 1.517854184048241905e+03
5.520000000000000000e+02 7.564808171973506887e+02
5.530000000000000000e+02 1.224070429931386570e+03
5.540000000000000000e+02 1.630095501338327495e+03
5.550000000000000000e+02 1.552224506107073239e+03
5.560000000000000000e+02 7.613363045109720133e+02
5.570000000000000000e+02 1.184487115952023714e+03
5.580000000000000000e+02 1.533830236907350582e+03
5.590000000000000000e+02 1.907812795719358974e+03
5.600000000000000000e+02 1.976153962123202973e+03
5.610000000000000000e+02 1.554010741156289214e+03
5.620000000000000000e+02 3.988725883600123439e+02
5.630000000000000000e+02 6.990182059954372562e+02
5.640000000000000000e+02 5.257372365224218811e+02
5.650000000000000000e+02 2.670766420427110575e+02
5.660000000000000000e+02 1.172200267027439168e+03
5.670000000000000000e+02 5.601640838989640088e+02
5.680000000000000000e+02 2.161237855601961655e+03
5.690000000000000000e+02 9.387178748068331515e+02
5.700000000000000000e+02 5.282401582795660033e+02
5.710000000000000000e+02 7.286478786387619948e+02
5.720000000000000000e+02 2.358805941277385500e+03
5.730000000000000000e+02 2.394987812508683419e+03
5.740000000000000000e+02 3.370022996721489562e+03
5.750000000000000000e+02 1.688295658410735086e+03
5.760000000000000000e+02 1.478972570219274758e+03
5.770000000000000000e+02 7.086714228946941603e+02
5.780000000000000000e+02 1.723015568877871999e+02
5.790000000000000000e+02 1.073141769351495896e+03
5.800000000000000000e+02 8.946604921353950886e+02
5.810000000000000000e+02 6.076407303586615853e+02
5.820000000000000000e+02 6.058551446632635589e+02
5.830000000000000000e+02 1.152746511737770106e+03
5.840000000000000000e+02 2.823339994092288521e+02
5.850000000000000000e+02 1.629822497409853895e+03
5.860000000000000000e+02 1.676115804021606891e+03
5.870000000000000000e+02 5.617003271922442309e+02
5.880000000000000000e+02 1.483399888741334735e+03
5.890000000000000000e+02 3.128758779804630876e+02
5.900000000000000000e+02 2.576371267511238329e+03
5.910000000000000000e+02 4.649780273648869979e+02
5.920000000000000000e+02 1.172074890273311667e+03
5.930000000000000000e+02 9.472376863975698598e+02
5.940000000000000000e+02 5.566514636893599572e+02
5.950000000000000000e+02 1.853683502386174496e+03
5.960000000000000000e+02 1.200220469327258570e+03
5.970000000000000000e+02 3.912597526105681709e+02
5.980000000000000000e+02 4.581875418670081785e+02
5.990000000000000000e+02 2.942446343361420077e+03
6.000000000000000000e+02 2.049283874272868161e+03
6.010000000000000000e+02 1.724846206819120653e+03
6.020000000000000000e+02 9.589116927705379112e+02
6.030000000000000000e+02 7.975721554407043641e+02
6.040000000000000000e+02 1.008403642865803590e+03
6.050000000000000000e+02 6.441834946182740396e+02
6.060000000000000000e+02 2.003874295223224181e+03
6.070000000000000000e+02 2.520158078683496569e+03
6.080000000000000000e+02 1.171526652257281512e+03
6.090000000000000000e+02 8.832628795943277566e+01
6.100000000000000000e+02 1.234877900926846678e+03
6.110000000000000000e+02 1.889215121199716236e+02
6.120000000000000000e+02 3.148368707146779570e+02
6.130000000000000000e+02 3.006398880640576863e+02
6.140000000000000000e+02 3.753702947403979806e+02
6.150000000000000000e+02 1.063416404712183521e+03
6.160000000000000000e+02 5.419383599629500026e+01
6.170000000000000000e+02 1.815778725328176961e+03
6.180000000000000000e+02 1.825596524468067400e+03
6.190000000000000000e+02 7.710896106916796953e+02
6.200000000000000000e+02 7.113206415027086678e+02
6.210000000000000000e+02 3.813014459480392020e+02
6.220000000000000000e+02 2.065048820128421539e+03
6.230000000000000000e+02 8.307598900349767064e+02
