# realization, C(theta=180) 
7.490000000000000000e+02 7.050259551851299875e+02
7.500000000000000000e+02 2.341583345922755939e+02
7.510000000000000000e+02 8.600000195160557723e+02
7.520000000000000000e+02 4.309409897794507742e+02
7.530000000000000000e+02 2.121233651960412203e+02
7.540000000000000000e+02 4.396979528878695191e+02
7.550000000000000000e+02 -2.134558446848995743e+02
7.560000000000000000e+02 1.429112717490888826e+02
7.570000000000000000e+02 2.192472685594505322e+02
7.580000000000000000e+02 -4.095702430548101347e+00
7.590000000000000000e+02 3.130571065323958919e+02
7.600000000000000000e+02 9.973585477267954502e+02
7.610000000000000000e+02 -4.834833320108108410e+02
7.620000000000000000e+02 4.931623078916875329e+02
7.630000000000000000e+02 5.788127584647874073e+02
7.640000000000000000e+02 2.437760754533896375e+02
7.650000000000000000e+02 6.802796740744017256e+01
7.660000000000000000e+02 1.251289795817917820e+02
7.670000000000000000e+02 4.297604428650535624e+02
7.680000000000000000e+02 -1.819429486275975307e+02
7.690000000000000000e+02 3.255316635534438774e+02
7.700000000000000000e+02 7.773330293469846310e+02
7.710000000000000000e+02 4.274174757865447418e+02
7.720000000000000000e+02 5.114468133963059131e+02
7.730000000000000000e+02 2.762775867435419741e+02
7.740000000000000000e+02 5.318403518990209022e+02
7.750000000000000000e+02 5.405078176431522934e+02
7.760000000000000000e+02 1.105176710544244088e+03
7.770000000000000000e+02 1.895640542979600127e+02
7.780000000000000000e+02 8.220609115375248166e+02
7.790000000000000000e+02 5.104793205667485267e+01
7.800000000000000000e+02 -1.667573324273320168e+02
7.810000000000000000e+02 -7.468195368166109915e+01
7.820000000000000000e+02 1.168122581571428213e+02
7.830000000000000000e+02 1.934711068843467388e+02
7.840000000000000000e+02 1.987504108439275115e+02
7.850000000000000000e+02 1.637617641130632364e+02
7.860000000000000000e+02 8.994732762450578178e+00
7.870000000000000000e+02 4.902996537278728511e+02
7.880000000000000000e+02 6.117934588464910348e+02
7.890000000000000000e+02 2.006582969271957495e+02
7.900000000000000000e+02 4.226852450664050025e+02
7.910000000000000000e+02 1.529549175085938373e+01
7.920000000000000000e+02 1.332990968972005987e+02
7.930000000000000000e+02 2.411187099252370274e+02
7.940000000000000000e+02 1.872855556126893362e+01
7.950000000000000000e+02 5.031009225108126657e+02
7.960000000000000000e+02 3.194682097008632695e+02
7.970000000000000000e+02 2.289934428395727082e+02
7.980000000000000000e+02 2.534551516937245026e+02
7.990000000000000000e+02 2.222855737351701464e+02
8.000000000000000000e+02 3.044993919260176085e+02
8.010000000000000000e+02 2.715774697971421574e+02
8.020000000000000000e+02 3.307677522960002534e+02
8.030000000000000000e+02 3.773095312999337239e+02
8.040000000000000000e+02 2.833951556898523449e+02
8.050000000000000000e+02 4.372798390834304882e+02
8.060000000000000000e+02 3.321114648349656022e+02
8.070000000000000000e+02 1.733286614242998098e+02
8.080000000000000000e+02 3.854046806636420115e+02
8.090000000000000000e+02 1.906313314254086606e+02
8.100000000000000000e+02 6.506750592535868236e+02
8.110000000000000000e+02 6.327073362371696419e+01
8.120000000000000000e+02 3.249265878114358088e+02
8.130000000000000000e+02 5.670167394625057113e+02
8.140000000000000000e+02 8.350194012150971048e+02
8.150000000000000000e+02 1.042100428787563970e+01
8.160000000000000000e+02 1.681676692180157886e+02
8.170000000000000000e+02 1.085770898138730729e+02
8.180000000000000000e+02 -1.214991251318498939e+02
8.190000000000000000e+02 7.045668239332101166e+02
8.200000000000000000e+02 -4.438884451364745019e+02
8.210000000000000000e+02 6.414009554517900824e+01
8.220000000000000000e+02 4.600088862567271235e+02
8.230000000000000000e+02 4.695990560711583157e+02
8.240000000000000000e+02 5.041291474461858115e+02
8.250000000000000000e+02 4.963624405779194149e+02
8.260000000000000000e+02 2.283906082356257912e+02
8.270000000000000000e+02 -6.507207465498939314e+01
8.280000000000000000e+02 3.263318633038273902e+02
8.290000000000000000e+02 2.229526117385125019e+02
8.300000000000000000e+02 3.137399297118628283e+01
8.310000000000000000e+02 -4.263645533220025072e+02
8.320000000000000000e+02 8.574547732158180224e+02
8.330000000000000000e+02 -4.716436561439641650e+02
8.340000000000000000e+02 5.970326146930993900e+02
8.350000000000000000e+02 2.470463357045367161e+02
8.360000000000000000e+02 4.180080487665676401e+02
8.370000000000000000e+02 2.168274291627163848e+02
8.380000000000000000e+02 8.591383272902521639e+02
8.390000000000000000e+02 3.524083794519911521e+02
8.400000000000000000e+02 -9.271117991419333748e+01
8.410000000000000000e+02 6.036041999670894711e+02
8.420000000000000000e+02 3.146623147284608990e+02
8.430000000000000000e+02 4.577003821784163051e+02
8.440000000000000000e+02 2.811320778569825052e+02
8.450000000000000000e+02 3.890851852270204745e+02
8.460000000000000000e+02 5.708116654683760771e+02
8.470000000000000000e+02 1.251043290867146425e+03
8.480000000000000000e+02 -1.774808508771746460e+02
8.490000000000000000e+02 6.053158779125151341e+02
8.500000000000000000e+02 6.571885911457377460e+01
8.510000000000000000e+02 -1.129169195571832631e+02
8.520000000000000000e+02 2.691174757088471097e+02
8.530000000000000000e+02 3.884175768044597135e+02
8.540000000000000000e+02 4.631600248320723381e+02
8.550000000000000000e+02 4.781865032288791895e+02
8.560000000000000000e+02 2.692273270762841548e+02
8.570000000000000000e+02 1.261176768901308151e+03
8.580000000000000000e+02 3.133062444671115827e+02
8.590000000000000000e+02 1.984987446780323808e+02
8.600000000000000000e+02 1.630687873868657789e+02
8.610000000000000000e+02 -2.306804985172701095e+02
8.620000000000000000e+02 3.025110648454581224e+02
8.630000000000000000e+02 4.216859414840527620e+01
8.640000000000000000e+02 9.794189115039016258e+01
8.650000000000000000e+02 5.096315958495815721e+02
8.660000000000000000e+02 -4.741426921546675999e+01
8.670000000000000000e+02 8.807263626514542239e+02
8.680000000000000000e+02 -1.393069452119441394e+02
8.690000000000000000e+02 6.726304707527046958e+02
8.700000000000000000e+02 -1.462648378840777070e+02
8.710000000000000000e+02 3.984597908049327231e+01
8.720000000000000000e+02 -2.156642563929939627e+01
8.730000000000000000e+02 1.783182535212912398e+02
