# realization, R_10 (parity assym measure for lmax=10)
1.240000000000000000e+02 1.833337855905860625e+00
1.250000000000000000e+02 9.927442456668190696e-01
1.260000000000000000e+02 1.520417429660599673e+00
1.270000000000000000e+02 1.230363511847541558e+00
1.280000000000000000e+02 5.312870793609260067e-01
1.290000000000000000e+02 7.725514785707748855e-01
1.300000000000000000e+02 8.607731334088024600e-01
1.310000000000000000e+02 5.872776121963305673e-01
1.320000000000000000e+02 4.940484454314471585e-01
1.330000000000000000e+02 8.751094709240935243e-01
1.340000000000000000e+02 9.791099392966959858e-01
1.350000000000000000e+02 8.193299421863067256e-01
1.360000000000000000e+02 1.266897947372767730e+00
1.370000000000000000e+02 5.864536087325765701e-01
1.380000000000000000e+02 9.711125767002919407e-01
1.390000000000000000e+02 8.186622960691409823e-01
1.400000000000000000e+02 1.021292582517145275e+00
1.410000000000000000e+02 8.453700813212209342e-01
1.420000000000000000e+02 9.832596471180837794e-01
1.430000000000000000e+02 1.233476310578564883e+00
1.440000000000000000e+02 1.147977106821439719e+00
1.450000000000000000e+02 1.189188186375523149e+00
1.460000000000000000e+02 1.138908856792303359e+00
1.470000000000000000e+02 8.574144169669759563e-01
1.480000000000000000e+02 1.141691515930340461e+00
1.490000000000000000e+02 2.274609275359509741e+00
1.500000000000000000e+02 1.574581753432550135e+00
1.510000000000000000e+02 9.310407240641926929e-01
1.520000000000000000e+02 1.036723431061633560e+00
1.530000000000000000e+02 9.844976352127339236e-01
1.540000000000000000e+02 9.372076712017418654e-01
1.550000000000000000e+02 1.318528035283083710e+00
1.560000000000000000e+02 8.860548573772062397e-01
1.570000000000000000e+02 1.080322896170124114e+00
1.580000000000000000e+02 1.074724153344415178e+00
1.590000000000000000e+02 7.998335657407714683e-01
1.600000000000000000e+02 7.561398102315266545e-01
1.610000000000000000e+02 1.111527125720864095e+00
1.620000000000000000e+02 8.364729210351796729e-01
1.630000000000000000e+02 1.643288864890233736e+00
1.640000000000000000e+02 1.046625068561378935e+00
1.650000000000000000e+02 8.697788923586303733e-01
1.660000000000000000e+02 1.271898684114085354e+00
1.670000000000000000e+02 9.595696107207998260e-01
1.680000000000000000e+02 7.968444955576090560e-01
1.690000000000000000e+02 1.449742742660607986e+00
1.700000000000000000e+02 9.882170487793706659e-01
1.710000000000000000e+02 8.264999874738347962e-01
1.720000000000000000e+02 7.820106610188484186e-01
1.730000000000000000e+02 1.014146426128760492e+00
1.740000000000000000e+02 1.085423286533748533e+00
1.750000000000000000e+02 9.012904998645113741e-01
1.760000000000000000e+02 1.061560535354088675e+00
1.770000000000000000e+02 7.575815475120454279e-01
1.780000000000000000e+02 1.345719607494606507e+00
1.790000000000000000e+02 5.991054946811552595e-01
1.800000000000000000e+02 1.405730825829000885e+00
1.810000000000000000e+02 1.651147880741238527e+00
1.820000000000000000e+02 1.342923081575798649e+00
1.830000000000000000e+02 8.310143885268568287e-01
1.840000000000000000e+02 8.834713850514585021e-01
1.850000000000000000e+02 8.826275812422261779e-01
1.860000000000000000e+02 4.777444232609247554e-01
1.870000000000000000e+02 1.087436336546817373e+00
1.880000000000000000e+02 8.460507854330414634e-01
1.890000000000000000e+02 9.331682165015006136e-01
1.900000000000000000e+02 1.370257628394093041e+00
1.910000000000000000e+02 7.010895949152892159e-01
1.920000000000000000e+02 1.032425395990706818e+00
1.930000000000000000e+02 1.278619424547391636e+00
1.940000000000000000e+02 1.075435932779832626e+00
1.950000000000000000e+02 6.943525884119268188e-01
1.960000000000000000e+02 1.353561133993292254e+00
1.970000000000000000e+02 1.341591465240829395e+00
1.980000000000000000e+02 8.783357732508894067e-01
1.990000000000000000e+02 1.219242800237105850e+00
2.000000000000000000e+02 7.568244351412427573e-01
2.010000000000000000e+02 1.450583614118523101e+00
2.020000000000000000e+02 1.235932530336061985e+00
2.030000000000000000e+02 1.332884111052931697e+00
2.040000000000000000e+02 9.954238880747119378e-01
2.050000000000000000e+02 9.914811841103043921e-01
2.060000000000000000e+02 8.123974078272082622e-01
2.070000000000000000e+02 1.309305282903324263e+00
2.080000000000000000e+02 5.941058792145075262e-01
2.090000000000000000e+02 2.076867192585274857e+00
2.100000000000000000e+02 1.315565801518924216e+00
2.110000000000000000e+02 7.810427257913410415e-01
2.120000000000000000e+02 7.145929942717913486e-01
2.130000000000000000e+02 1.074003991338253083e+00
2.140000000000000000e+02 8.453014307214854473e-01
2.150000000000000000e+02 1.005877314878101503e+00
2.160000000000000000e+02 6.002043784335876486e-01
2.170000000000000000e+02 1.216897950670635220e+00
2.180000000000000000e+02 7.342995001212258011e-01
2.190000000000000000e+02 9.948021720431796666e-01
2.200000000000000000e+02 9.171836432323148269e-01
2.210000000000000000e+02 1.208929155545518830e+00
2.220000000000000000e+02 9.362080526907480271e-01
2.230000000000000000e+02 8.220746452786019676e-01
2.240000000000000000e+02 1.397219950024678692e+00
2.250000000000000000e+02 1.275235796487178774e+00
2.260000000000000000e+02 6.582196480596711474e-01
2.270000000000000000e+02 1.410789870038576144e+00
2.280000000000000000e+02 1.312654750688206473e+00
2.290000000000000000e+02 1.683052264929680186e+00
2.300000000000000000e+02 1.347082955739902443e+00
2.310000000000000000e+02 2.735050913215312018e+00
2.320000000000000000e+02 1.153332878176827059e+00
2.330000000000000000e+02 1.249438859621842424e+00
2.340000000000000000e+02 1.003793714214632260e+00
2.350000000000000000e+02 8.505720808617145412e-01
2.360000000000000000e+02 9.917308442923337131e-01
2.370000000000000000e+02 1.259667941055252927e+00
2.380000000000000000e+02 8.618029949322024708e-01
2.390000000000000000e+02 1.043876545186148697e+00
2.400000000000000000e+02 7.720957589063930371e-01
2.410000000000000000e+02 6.597509857841936665e-01
2.420000000000000000e+02 7.591899411672875519e-01
2.430000000000000000e+02 9.518030484062098839e-01
2.440000000000000000e+02 1.066599652304954349e+00
2.450000000000000000e+02 7.870155606981010799e-01
2.460000000000000000e+02 1.035929251789251104e+00
2.470000000000000000e+02 1.624398585545369089e+00
2.480000000000000000e+02 1.127144318866899031e+00
