# realization, R_10 (parity assym measure for lmax=10)
7.490000000000000000e+02 1.892174953384589298e+00
7.500000000000000000e+02 1.270907407614007445e+00
7.510000000000000000e+02 1.662833055012217898e+00
7.520000000000000000e+02 1.071924891635009258e+00
7.530000000000000000e+02 9.199498565168252595e-01
7.540000000000000000e+02 1.125434286071850032e+00
7.550000000000000000e+02 6.179065162281472956e-01
7.560000000000000000e+02 1.070932791675348383e+00
7.570000000000000000e+02 9.094369313903807317e-01
7.580000000000000000e+02 9.404120533945389271e-01
7.590000000000000000e+02 1.249206082186033795e+00
7.600000000000000000e+02 1.987853129440166233e+00
7.610000000000000000e+02 5.640118276087791038e-01
7.620000000000000000e+02 1.019729642571096884e+00
7.630000000000000000e+02 1.150840457773121939e+00
7.640000000000000000e+02 1.052740324963092444e+00
7.650000000000000000e+02 1.029472279357375619e+00
7.660000000000000000e+02 1.046543192282965107e+00
7.670000000000000000e+02 1.339235098591176287e+00
7.680000000000000000e+02 6.691040037948693397e-01
7.690000000000000000e+02 1.050313335025331529e+00
7.700000000000000000e+02 1.289044501784669672e+00
7.710000000000000000e+02 1.759266604410987700e+00
7.720000000000000000e+02 1.060513419961069959e+00
7.730000000000000000e+02 1.106006300488867833e+00
7.740000000000000000e+02 1.967847517071075414e+00
7.750000000000000000e+02 1.070127869569226231e+00
7.760000000000000000e+02 1.508387101697570287e+00
7.770000000000000000e+02 9.651121186693395471e-01
7.780000000000000000e+02 1.488568319350672242e+00
7.790000000000000000e+02 1.108895321999820549e+00
7.800000000000000000e+02 6.088734706437448629e-01
7.810000000000000000e+02 7.324133617043783184e-01
7.820000000000000000e+02 9.558195830330442622e-01
7.830000000000000000e+02 9.904070183922563109e-01
7.840000000000000000e+02 9.347990164422739223e-01
7.850000000000000000e+02 1.007977848102179719e+00
7.860000000000000000e+02 9.328846671305057736e-01
7.870000000000000000e+02 1.461416650294723674e+00
7.880000000000000000e+02 1.330113986911362067e+00
7.890000000000000000e+02 1.011091301677315313e+00
7.900000000000000000e+02 8.994270870268011864e-01
7.910000000000000000e+02 8.706563875219763826e-01
7.920000000000000000e+02 1.063603567762785973e+00
7.930000000000000000e+02 1.070321780952098845e+00
7.940000000000000000e+02 9.426811471582680069e-01
7.950000000000000000e+02 8.908529992240795670e-01
7.960000000000000000e+02 1.157084487482344715e+00
7.970000000000000000e+02 1.106046358777665217e+00
7.980000000000000000e+02 1.156341380827303533e+00
7.990000000000000000e+02 1.165783646711219257e+00
8.000000000000000000e+02 1.090591643493871388e+00
8.010000000000000000e+02 9.307624923829237451e-01
8.020000000000000000e+02 1.282929812021034843e+00
8.030000000000000000e+02 1.242225112439343304e+00
8.040000000000000000e+02 9.684120520382973885e-01
8.050000000000000000e+02 1.244700055592938615e+00
8.060000000000000000e+02 1.704199123935469906e+00
8.070000000000000000e+02 7.890245866082244985e-01
8.080000000000000000e+02 9.870413730257908691e-01
8.090000000000000000e+02 1.038728729326786837e+00
8.100000000000000000e+02 1.971941793875900739e+00
8.110000000000000000e+02 9.556139430566086279e-01
8.120000000000000000e+02 1.214130900292172299e+00
8.130000000000000000e+02 1.450341122250309311e+00
8.140000000000000000e+02 1.874645672725703260e+00
8.150000000000000000e+02 8.643907414797032951e-01
8.160000000000000000e+02 8.527908893240191412e-01
8.170000000000000000e+02 9.037058277726134348e-01
8.180000000000000000e+02 8.597222421691127492e-01
8.190000000000000000e+02 1.392313948451540995e+00
8.200000000000000000e+02 4.941225255949041051e-01
8.210000000000000000e+02 8.361910513277448498e-01
8.220000000000000000e+02 9.748365519039835503e-01
8.230000000000000000e+02 1.213914944029206522e+00
8.240000000000000000e+02 1.277352324481578760e+00
8.250000000000000000e+02 8.927470291668734292e-01
8.260000000000000000e+02 8.796629590207452054e-01
8.270000000000000000e+02 1.044398358375232982e+00
8.280000000000000000e+02 1.189693322347388005e+00
8.290000000000000000e+02 9.084766466078927349e-01
8.300000000000000000e+02 1.232634699114271593e+00
8.310000000000000000e+02 5.199802162610741574e-01
8.320000000000000000e+02 2.416002340707362972e+00
8.330000000000000000e+02 5.433218116628564243e-01
8.340000000000000000e+02 1.136675936985060753e+00
8.350000000000000000e+02 9.544622561752916790e-01
8.360000000000000000e+02 1.130139187148969881e+00
8.370000000000000000e+02 9.480270403420607561e-01
8.380000000000000000e+02 1.488678039517979501e+00
8.390000000000000000e+02 1.108667793527056356e+00
8.400000000000000000e+02 7.803782932881667689e-01
8.410000000000000000e+02 1.138526962806725162e+00
8.420000000000000000e+02 1.318096124464407159e+00
8.430000000000000000e+02 1.197889532484734065e+00
8.440000000000000000e+02 1.100357059125144810e+00
8.450000000000000000e+02 1.102969458585600693e+00
8.460000000000000000e+02 1.353018963102253558e+00
8.470000000000000000e+02 1.981213760335896579e+00
8.480000000000000000e+02 6.063179490304303476e-01
8.490000000000000000e+02 1.138182380933042470e+00
8.500000000000000000e+02 7.492078856517905283e-01
8.510000000000000000e+02 6.438346393872182993e-01
8.520000000000000000e+02 9.264919010851766501e-01
8.530000000000000000e+02 1.273835387022239418e+00
8.540000000000000000e+02 1.564313716645283847e+00
8.550000000000000000e+02 1.628786163780515217e+00
8.560000000000000000e+02 9.776094855642983861e-01
8.570000000000000000e+02 1.818074835864055050e+00
8.580000000000000000e+02 1.296203207929275125e+00
8.590000000000000000e+02 8.406771038106308769e-01
8.600000000000000000e+02 1.086155345519789428e+00
8.610000000000000000e+02 5.966365978600185471e-01
8.620000000000000000e+02 1.407995462173868173e+00
8.630000000000000000e+02 9.002925841857513101e-01
8.640000000000000000e+02 8.359967769596882148e-01
8.650000000000000000e+02 1.420082662548911356e+00
8.660000000000000000e+02 7.652261664814835607e-01
8.670000000000000000e+02 1.952387530020809336e+00
8.680000000000000000e+02 7.426001800743551318e-01
8.690000000000000000e+02 1.211298657241496768e+00
8.700000000000000000e+02 6.937834488794414334e-01
8.710000000000000000e+02 8.464455462469706593e-01
8.720000000000000000e+02 9.402401835143096021e-01
8.730000000000000000e+02 9.398386874051409823e-01
