# realization, R_10 (parity assym measure for lmax=10)
8.740000000000000000e+02 1.604944297332081105e+00
8.750000000000000000e+02 1.137908796278458423e+00
8.760000000000000000e+02 1.075415387733460904e+00
8.770000000000000000e+02 1.315741686299760183e+00
8.780000000000000000e+02 1.782631283381628684e+00
8.790000000000000000e+02 7.868697146663373720e-01
8.800000000000000000e+02 7.154587252438595613e-01
8.810000000000000000e+02 1.048176465393026113e+00
8.820000000000000000e+02 1.524844656507052365e+00
8.830000000000000000e+02 7.322736529320105214e-01
8.840000000000000000e+02 8.532699363896100175e-01
8.850000000000000000e+02 1.003889432723946040e+00
8.860000000000000000e+02 1.574130261239368611e+00
8.870000000000000000e+02 1.128504852014896809e+00
8.880000000000000000e+02 9.012857698479257440e-01
8.890000000000000000e+02 7.454081435654447141e-01
8.900000000000000000e+02 1.964140241095935879e+00
8.910000000000000000e+02 1.138926546818584962e+00
8.920000000000000000e+02 8.437647623527754215e-01
8.930000000000000000e+02 1.733910799590778096e+00
8.940000000000000000e+02 1.293288618078716423e+00
8.950000000000000000e+02 9.896268786252127025e-01
8.960000000000000000e+02 8.287245272445279420e-01
8.970000000000000000e+02 1.505707121234303836e+00
8.980000000000000000e+02 1.695809330745550181e+00
8.990000000000000000e+02 1.160738610234603563e+00
9.000000000000000000e+02 7.745417581203830615e-01
9.010000000000000000e+02 1.089788235496707669e+00
9.020000000000000000e+02 1.605032634799758773e+00
9.030000000000000000e+02 1.126045889708479519e+00
9.040000000000000000e+02 1.280276248660118688e+00
9.050000000000000000e+02 9.909967781952054855e-01
9.060000000000000000e+02 1.259316439083435712e+00
9.070000000000000000e+02 8.447301769386504899e-01
9.080000000000000000e+02 1.140879911420612736e+00
9.090000000000000000e+02 9.507785488131109686e-01
9.100000000000000000e+02 8.077360108340574385e-01
9.110000000000000000e+02 1.747276442051896694e+00
9.120000000000000000e+02 9.144929000672921138e-01
9.130000000000000000e+02 1.888367289061527954e+00
9.140000000000000000e+02 1.031056252869924528e+00
9.150000000000000000e+02 7.393903061553269707e-01
9.160000000000000000e+02 6.039509150741727561e-01
9.170000000000000000e+02 1.154761862425378816e+00
9.180000000000000000e+02 1.217811540158217465e+00
9.190000000000000000e+02 7.796166137238108584e-01
9.200000000000000000e+02 8.959040217732381350e-01
9.210000000000000000e+02 1.220586019247999809e+00
9.220000000000000000e+02 1.097473321561756920e+00
9.230000000000000000e+02 1.543155140012900439e+00
9.240000000000000000e+02 9.783903780539492390e-01
9.250000000000000000e+02 8.889055713021697391e-01
9.260000000000000000e+02 8.842364470488505157e-01
9.270000000000000000e+02 1.128442737307529198e+00
9.280000000000000000e+02 6.327402400636769064e-01
9.290000000000000000e+02 1.317378621340621336e+00
9.300000000000000000e+02 8.669576825172082835e-01
9.310000000000000000e+02 1.040907630722988753e+00
9.320000000000000000e+02 4.572473944490990649e-01
9.330000000000000000e+02 1.039161774927211512e+00
9.340000000000000000e+02 4.598695672418020575e-01
9.350000000000000000e+02 1.236012526982085857e+00
9.360000000000000000e+02 4.400867936471264397e-01
9.370000000000000000e+02 1.038613220611107391e+00
9.380000000000000000e+02 8.899327165543384766e-01
9.390000000000000000e+02 5.635715336685225285e-01
9.400000000000000000e+02 1.239993880836283147e+00
9.410000000000000000e+02 1.123499229786615095e+00
9.420000000000000000e+02 8.346051124249711517e-01
9.430000000000000000e+02 1.190570762563171181e+00
9.440000000000000000e+02 1.120346698699726584e+00
9.450000000000000000e+02 1.274077051666016702e+00
9.460000000000000000e+02 1.038309145989412485e+00
9.470000000000000000e+02 8.018678888265362570e-01
9.480000000000000000e+02 1.402316333432177764e+00
9.490000000000000000e+02 1.170045478121179316e+00
9.500000000000000000e+02 1.407649526509308746e+00
9.510000000000000000e+02 1.245998995723734071e+00
9.520000000000000000e+02 9.732987043625670465e-01
9.530000000000000000e+02 8.697390395350683701e-01
9.540000000000000000e+02 7.929741122533811026e-01
9.550000000000000000e+02 1.250909512180338190e+00
9.560000000000000000e+02 1.024329076478458500e+00
9.570000000000000000e+02 1.108770965347278148e+00
9.580000000000000000e+02 1.360333714323965548e+00
9.590000000000000000e+02 1.053277876814593395e+00
9.600000000000000000e+02 7.810063605112237406e-01
9.610000000000000000e+02 1.251069766954793883e+00
9.620000000000000000e+02 5.284279194199462681e-01
9.630000000000000000e+02 9.007491684626685036e-01
9.640000000000000000e+02 1.603165990369517901e+00
9.650000000000000000e+02 1.103418149684210814e+00
9.660000000000000000e+02 7.366625016564131156e-01
9.670000000000000000e+02 9.534003768429852865e-01
9.680000000000000000e+02 8.041693169908445959e-01
9.690000000000000000e+02 8.238348724293966807e-01
9.700000000000000000e+02 1.384456158122862490e+00
9.710000000000000000e+02 1.243695403918277265e+00
9.720000000000000000e+02 1.605183051341236844e+00
9.730000000000000000e+02 1.524817417921392915e+00
9.740000000000000000e+02 1.343107975810094779e+00
9.750000000000000000e+02 1.167714366509569945e+00
9.760000000000000000e+02 1.300847217590866745e+00
9.770000000000000000e+02 9.315711580922967361e-01
9.780000000000000000e+02 1.270825042623778600e+00
9.790000000000000000e+02 9.881638197255243616e-01
9.800000000000000000e+02 9.329993304639240259e-01
9.810000000000000000e+02 9.992129522203908598e-01
9.820000000000000000e+02 1.107392550774860984e+00
9.830000000000000000e+02 1.283667923756379503e+00
9.840000000000000000e+02 1.366411686522403413e+00
9.850000000000000000e+02 1.581568983836886266e+00
9.860000000000000000e+02 8.574436492905634921e-01
9.870000000000000000e+02 1.210748979151914595e+00
9.880000000000000000e+02 1.362945590282212294e+00
9.890000000000000000e+02 1.176107998850460801e+00
9.900000000000000000e+02 8.243393462124629645e-01
9.910000000000000000e+02 1.075689592755574742e+00
9.920000000000000000e+02 1.265951430215553897e+00
9.930000000000000000e+02 1.271357574916599287e+00
9.940000000000000000e+02 1.087275636593141304e+00
9.950000000000000000e+02 1.380088178160526313e+00
9.960000000000000000e+02 1.183131784029472389e+00
9.970000000000000000e+02 5.959213446316296015e-01
9.980000000000000000e+02 1.671035256696776550e+00
9.990000000000000000e+02 1.006731143593759592e+00
