# realization, R_10 (parity assym measure for lmax=10)
2.490000000000000000e+02 6.371117571503154275e-01
2.500000000000000000e+02 4.361001304115558752e-01
2.510000000000000000e+02 6.890842556759944060e-01
2.520000000000000000e+02 1.112471552436948397e+00
2.530000000000000000e+02 1.292345935680332181e+00
2.540000000000000000e+02 5.975435244783621203e-01
2.550000000000000000e+02 8.706159842655717407e-01
2.560000000000000000e+02 1.047081945141235426e+00
2.570000000000000000e+02 1.068058319572674497e+00
2.580000000000000000e+02 8.382800198942395031e-01
2.590000000000000000e+02 7.183597560053952558e-01
2.600000000000000000e+02 7.956402031838142319e-01
2.610000000000000000e+02 9.692787195049769045e-01
2.620000000000000000e+02 8.900689837572968166e-01
2.630000000000000000e+02 5.908101154609222139e-01
2.640000000000000000e+02 1.468734885664045420e+00
2.650000000000000000e+02 8.692383967999446348e-01
2.660000000000000000e+02 7.202135913456977345e-01
2.670000000000000000e+02 9.049297596603180782e-01
2.680000000000000000e+02 1.421776441334446694e+00
2.690000000000000000e+02 8.473681944765633078e-01
2.700000000000000000e+02 2.881073982896479091e+00
2.710000000000000000e+02 1.502774702170010190e+00
2.720000000000000000e+02 5.600645041976870520e-01
2.730000000000000000e+02 1.598160426796279676e+00
2.740000000000000000e+02 1.317395840465969803e+00
2.750000000000000000e+02 6.494347608372956770e-01
2.760000000000000000e+02 9.103559366713378509e-01
2.770000000000000000e+02 2.104760372198807516e+00
2.780000000000000000e+02 1.784379043950680144e+00
2.790000000000000000e+02 1.330218180607156686e+00
2.800000000000000000e+02 1.205822485382326059e+00
2.810000000000000000e+02 8.786532708399097391e-01
2.820000000000000000e+02 8.688121294952533269e-01
2.830000000000000000e+02 1.075963283293079220e+00
2.840000000000000000e+02 8.957890442427496325e-01
2.850000000000000000e+02 1.098041959030935377e+00
2.860000000000000000e+02 1.085699526944341686e+00
2.870000000000000000e+02 9.875988964720199270e-01
2.880000000000000000e+02 7.447028761196574642e-01
2.890000000000000000e+02 5.949677683652863092e-01
2.900000000000000000e+02 8.329463670860370872e-01
2.910000000000000000e+02 1.064366587177931978e+00
2.920000000000000000e+02 1.447135783020633060e+00
2.930000000000000000e+02 1.425759306534875925e+00
2.940000000000000000e+02 1.439498683060887352e+00
2.950000000000000000e+02 6.413419916413568567e-01
2.960000000000000000e+02 7.704371574960752200e-01
2.970000000000000000e+02 8.902692910656454517e-01
2.980000000000000000e+02 7.549722161674786713e-01
2.990000000000000000e+02 7.778270872163451921e-01
3.000000000000000000e+02 1.359051241186904013e+00
3.010000000000000000e+02 7.131026895260872411e-01
3.020000000000000000e+02 7.215754877250644128e-01
3.030000000000000000e+02 9.854965464902029071e-01
3.040000000000000000e+02 1.219603818584455546e+00
3.050000000000000000e+02 1.162621822925693271e+00
3.060000000000000000e+02 1.039238220626767850e+00
3.070000000000000000e+02 8.119796305475449616e-01
3.080000000000000000e+02 1.089637570807474587e+00
3.090000000000000000e+02 1.057661169253194977e+00
3.100000000000000000e+02 9.498763968546607428e-01
3.110000000000000000e+02 9.450349862738152140e-01
3.120000000000000000e+02 1.157769264389735930e+00
3.130000000000000000e+02 5.723679243561652363e-01
3.140000000000000000e+02 9.726260909127592003e-01
3.150000000000000000e+02 7.989538784168587204e-01
3.160000000000000000e+02 1.444157256832368841e+00
3.170000000000000000e+02 7.715210104907153088e-01
3.180000000000000000e+02 1.393573822604246670e+00
3.190000000000000000e+02 1.315402847372942663e+00
3.200000000000000000e+02 1.107732449670374208e+00
3.210000000000000000e+02 1.189455393807844263e+00
3.220000000000000000e+02 1.130917428335859842e+00
3.230000000000000000e+02 6.840102862313648391e-01
3.240000000000000000e+02 7.025451734523229241e-01
3.250000000000000000e+02 1.240405007728550224e+00
3.260000000000000000e+02 1.487587446767464794e+00
3.270000000000000000e+02 1.439835210520807651e+00
3.280000000000000000e+02 9.146053746994744493e-01
3.290000000000000000e+02 6.789459202060493803e-01
3.300000000000000000e+02 1.161249762424315879e+00
3.310000000000000000e+02 1.216747694551994607e+00
3.320000000000000000e+02 6.195906933666762706e-01
3.330000000000000000e+02 6.690088801099715043e-01
3.340000000000000000e+02 8.387509396296938258e-01
3.350000000000000000e+02 9.561724621913978428e-01
3.360000000000000000e+02 6.424724705681059689e-01
3.370000000000000000e+02 1.634730833366513147e+00
3.380000000000000000e+02 9.967023023863025299e-01
3.390000000000000000e+02 7.744616972331276328e-01
3.400000000000000000e+02 1.720860055652853271e+00
3.410000000000000000e+02 1.171173869215142327e+00
3.420000000000000000e+02 9.877563205026393955e-01
3.430000000000000000e+02 1.201199259591267943e+00
3.440000000000000000e+02 1.109254566843948409e+00
3.450000000000000000e+02 1.109323852851118897e+00
3.460000000000000000e+02 1.377314995624583149e+00
3.470000000000000000e+02 7.314431435381993918e-01
3.480000000000000000e+02 8.089110347062254958e-01
3.490000000000000000e+02 1.013646982381488870e+00
3.500000000000000000e+02 1.318569552576734694e+00
3.510000000000000000e+02 1.059601416684629260e+00
3.520000000000000000e+02 1.371661507743903163e+00
3.530000000000000000e+02 1.466175339254946586e+00
3.540000000000000000e+02 9.574065260309196912e-01
3.550000000000000000e+02 1.390069049987689542e+00
3.560000000000000000e+02 8.267326925803222260e-01
3.570000000000000000e+02 8.454754676474927066e-01
3.580000000000000000e+02 1.080035046127140630e+00
3.590000000000000000e+02 2.295460813850038750e+00
3.600000000000000000e+02 9.398456117841015311e-01
3.610000000000000000e+02 8.998432752141698465e-01
3.620000000000000000e+02 8.330161967988617411e-01
3.630000000000000000e+02 1.120767057033887237e+00
3.640000000000000000e+02 6.078367358165082113e-01
3.650000000000000000e+02 1.231675429704451208e+00
3.660000000000000000e+02 1.039049832430238629e+00
3.670000000000000000e+02 1.037307213271544626e+00
3.680000000000000000e+02 8.052232247861905723e-01
3.690000000000000000e+02 4.340355844242316796e-01
3.700000000000000000e+02 1.422401928787225378e+00
3.710000000000000000e+02 8.285896482900864113e-01
3.720000000000000000e+02 8.527156053488352816e-01
3.730000000000000000e+02 7.144737695354494988e-01
