# realization, R_10 (parity assym measure for lmax=10)
4.990000000000000000e+02 8.134191383536427677e-01
5.000000000000000000e+02 8.602841985033161665e-01
5.010000000000000000e+02 1.645835841463111571e+00
5.020000000000000000e+02 7.537925580822809613e-01
5.030000000000000000e+02 6.719398785369699034e-01
5.040000000000000000e+02 8.839644800410750847e-01
5.050000000000000000e+02 8.711479326637340259e-01
5.060000000000000000e+02 1.063411321076211502e+00
5.070000000000000000e+02 1.080812125140181434e+00
5.080000000000000000e+02 7.522492312523358926e-01
5.090000000000000000e+02 1.085773550483098759e+00
5.100000000000000000e+02 1.955137829927090065e+00
5.110000000000000000e+02 1.054020814272631945e+00
5.120000000000000000e+02 1.178667696631825690e+00
5.130000000000000000e+02 1.355701198268722818e+00
5.140000000000000000e+02 1.704733970202045201e+00
5.150000000000000000e+02 7.257797530992693424e-01
5.160000000000000000e+02 9.978620100093449352e-01
5.170000000000000000e+02 1.423312606171433181e+00
5.180000000000000000e+02 7.590713386620738801e-01
5.190000000000000000e+02 8.612392273415050425e-01
5.200000000000000000e+02 1.321424334836126757e+00
5.210000000000000000e+02 1.127207113575680042e+00
5.220000000000000000e+02 8.792319116690915370e-01
5.230000000000000000e+02 6.418094778851733961e-01
5.240000000000000000e+02 1.602768770106492546e+00
5.250000000000000000e+02 1.285213901057634889e+00
5.260000000000000000e+02 1.059911844612354326e+00
5.270000000000000000e+02 1.010395633069552712e+00
5.280000000000000000e+02 6.240997585095344746e-01
5.290000000000000000e+02 1.301730256886310499e+00
5.300000000000000000e+02 1.259701596217052577e+00
5.310000000000000000e+02 6.743157706776770066e-01
5.320000000000000000e+02 1.084409835205539130e+00
5.330000000000000000e+02 8.073952333551768223e-01
5.340000000000000000e+02 1.152100493913070345e+00
5.350000000000000000e+02 1.014826871548196285e+00
5.360000000000000000e+02 9.501370102741989454e-01
5.370000000000000000e+02 9.648911300987430550e-01
5.380000000000000000e+02 1.274729675629639791e+00
5.390000000000000000e+02 1.230514976575448616e+00
5.400000000000000000e+02 8.118144912049203299e-01
5.410000000000000000e+02 9.445504520729978148e-01
5.420000000000000000e+02 1.637122626488811017e+00
5.430000000000000000e+02 6.627819529554103140e-01
5.440000000000000000e+02 7.925552492790536308e-01
5.450000000000000000e+02 1.005756295583218218e+00
5.460000000000000000e+02 1.371685094611537759e+00
5.470000000000000000e+02 1.325775256884729636e+00
5.480000000000000000e+02 6.757474141711915516e-01
5.490000000000000000e+02 1.257959466898411316e+00
5.500000000000000000e+02 9.206756924668183517e-01
5.510000000000000000e+02 1.159870688791269533e+00
5.520000000000000000e+02 8.249984253430875381e-01
5.530000000000000000e+02 9.555124665902484660e-01
5.540000000000000000e+02 9.258019460882895846e-01
5.550000000000000000e+02 1.124344241313804060e+00
5.560000000000000000e+02 1.558354589948102609e+00
5.570000000000000000e+02 1.449608617143641309e+00
5.580000000000000000e+02 7.819383424638909341e-01
5.590000000000000000e+02 1.286166562846115857e+00
5.600000000000000000e+02 1.062203125440911444e+00
5.610000000000000000e+02 1.078155743709749981e+00
5.620000000000000000e+02 1.054793435720497330e+00
5.630000000000000000e+02 8.987500431780633958e-01
5.640000000000000000e+02 1.301780864528247594e+00
5.650000000000000000e+02 8.492530985078907690e-01
5.660000000000000000e+02 7.699994670729392032e-01
5.670000000000000000e+02 1.805108407744831389e+00
5.680000000000000000e+02 1.411746506058765949e+00
5.690000000000000000e+02 6.946759504514221639e-01
5.700000000000000000e+02 1.124035795555642148e+00
5.710000000000000000e+02 8.664048705303724063e-01
5.720000000000000000e+02 1.412482719130486730e+00
5.730000000000000000e+02 9.333494512038674751e-01
5.740000000000000000e+02 1.258276647614780641e+00
5.750000000000000000e+02 1.201467328023333003e+00
5.760000000000000000e+02 1.087608259698185309e+00
5.770000000000000000e+02 9.560182759754224380e-01
5.780000000000000000e+02 1.241350361922312517e+00
5.790000000000000000e+02 8.361315517686129795e-01
5.800000000000000000e+02 5.765995982793664654e-01
5.810000000000000000e+02 5.979940202697764384e-01
5.820000000000000000e+02 6.951857005858856908e-01
5.830000000000000000e+02 6.621681983825504769e-01
5.840000000000000000e+02 6.660084577504872261e-01
5.850000000000000000e+02 1.019585845559716430e+00
5.860000000000000000e+02 1.571666128414119346e+00
5.870000000000000000e+02 1.039811188020155264e+00
5.880000000000000000e+02 1.492748032833103755e+00
5.890000000000000000e+02 9.093841755690580397e-01
5.900000000000000000e+02 1.366202985441535400e+00
5.910000000000000000e+02 5.637920452490929879e-01
5.920000000000000000e+02 1.609340024128603330e+00
5.930000000000000000e+02 1.619544420680619323e+00
5.940000000000000000e+02 1.475359519216831172e+00
5.950000000000000000e+02 1.533623955098895486e+00
5.960000000000000000e+02 1.227608559022645318e+00
5.970000000000000000e+02 1.304607382511278502e+00
5.980000000000000000e+02 8.300752908692425880e-01
5.990000000000000000e+02 1.775039373386368746e+00
6.000000000000000000e+02 1.060778313744019874e+00
6.010000000000000000e+02 9.885808991628524112e-01
6.020000000000000000e+02 1.031742034210187953e+00
6.030000000000000000e+02 1.316626629074415300e+00
6.040000000000000000e+02 1.046525585374001643e+00
6.050000000000000000e+02 6.342448317438114103e-01
6.060000000000000000e+02 1.162362703849189050e+00
6.070000000000000000e+02 1.563670871726367650e+00
6.080000000000000000e+02 1.257724244088516796e+00
6.090000000000000000e+02 9.662632139466356129e-01
6.100000000000000000e+02 5.401270374873812230e-01
6.110000000000000000e+02 1.031190994883890877e+00
6.120000000000000000e+02 9.372121865151354925e-01
6.130000000000000000e+02 6.943009826926874739e-01
6.140000000000000000e+02 8.452431946405051244e-01
6.150000000000000000e+02 8.739797427788915662e-01
6.160000000000000000e+02 8.704325726224663162e-01
6.170000000000000000e+02 1.472036371573367086e+00
6.180000000000000000e+02 1.047298946334587866e+00
6.190000000000000000e+02 4.796877984769769010e-01
6.200000000000000000e+02 8.103867575297253323e-01
6.210000000000000000e+02 1.247274032460892856e+00
6.220000000000000000e+02 9.229423952091859729e-01
6.230000000000000000e+02 1.653422069706329545e+00
