# realization, R_28 (parity assym measure for lmax=27)
7.490000000000000000e+02 1.222507139371868945e+00
7.500000000000000000e+02 1.060120794077534123e+00
7.510000000000000000e+02 1.300338118018424360e+00
7.520000000000000000e+02 1.020144100436070511e+00
7.530000000000000000e+02 9.166632785104196213e-01
7.540000000000000000e+02 1.079950471232550280e+00
7.550000000000000000e+02 9.176927147931848161e-01
7.560000000000000000e+02 1.038749295007946660e+00
7.570000000000000000e+02 8.670040175722694142e-01
7.580000000000000000e+02 9.168278120510734430e-01
7.590000000000000000e+02 1.086925627128525473e+00
7.600000000000000000e+02 1.200891342785943339e+00
7.610000000000000000e+02 7.747834135455711202e-01
7.620000000000000000e+02 9.897781830485899990e-01
7.630000000000000000e+02 1.026388047951729554e+00
7.640000000000000000e+02 1.069589098795264315e+00
7.650000000000000000e+02 1.071807119871136083e+00
7.660000000000000000e+02 1.062186184544160472e+00
7.670000000000000000e+02 1.146964735305421534e+00
7.680000000000000000e+02 9.490973383773735339e-01
7.690000000000000000e+02 1.022703879201622534e+00
7.700000000000000000e+02 1.127980117382114456e+00
7.710000000000000000e+02 1.002939994535211987e+00
7.720000000000000000e+02 1.057639033306055909e+00
7.730000000000000000e+02 9.622644022055448776e-01
7.740000000000000000e+02 1.225552011199128488e+00
7.750000000000000000e+02 1.073499789788521896e+00
7.760000000000000000e+02 1.241532798279154415e+00
7.770000000000000000e+02 1.023691471303994183e+00
7.780000000000000000e+02 1.143199680539424001e+00
7.790000000000000000e+02 9.755211940294088446e-01
7.800000000000000000e+02 7.666157361881116294e-01
7.810000000000000000e+02 9.744320916737393423e-01
7.820000000000000000e+02 9.378400008585980885e-01
7.830000000000000000e+02 1.017982775539556961e+00
7.840000000000000000e+02 1.016712220244304188e+00
7.850000000000000000e+02 8.861051915146749280e-01
7.860000000000000000e+02 9.360927409670231070e-01
7.870000000000000000e+02 1.253542399173367627e+00
7.880000000000000000e+02 1.316653625297768082e+00
7.890000000000000000e+02 1.005095645213859523e+00
7.900000000000000000e+02 1.021082808316372104e+00
7.910000000000000000e+02 8.767067312968205295e-01
7.920000000000000000e+02 9.628706506160585876e-01
7.930000000000000000e+02 1.022512305369182473e+00
7.940000000000000000e+02 9.474420113319723669e-01
7.950000000000000000e+02 1.040697072893805863e+00
7.960000000000000000e+02 1.142486360647343435e+00
7.970000000000000000e+02 1.069190322222716816e+00
7.980000000000000000e+02 1.088375682302385794e+00
7.990000000000000000e+02 9.571101711050683525e-01
8.000000000000000000e+02 1.124465042306763474e+00
8.010000000000000000e+02 9.339353961537527615e-01
8.020000000000000000e+02 1.083096951262453311e+00
8.030000000000000000e+02 9.364506570757025194e-01
8.040000000000000000e+02 9.920319447752486974e-01
8.050000000000000000e+02 1.055478141585713070e+00
8.060000000000000000e+02 9.818982941313316726e-01
8.070000000000000000e+02 8.997190586850652982e-01
8.080000000000000000e+02 1.052494770789986323e+00
8.090000000000000000e+02 1.051334984297408459e+00
8.100000000000000000e+02 1.123920148031297694e+00
8.110000000000000000e+02 9.000780243429248317e-01
8.120000000000000000e+02 1.145782637365109879e+00
8.130000000000000000e+02 1.151482773167644025e+00
8.140000000000000000e+02 1.257206589361584026e+00
8.150000000000000000e+02 1.004040739558756057e+00
8.160000000000000000e+02 8.723090404287103805e-01
8.170000000000000000e+02 8.313729891940843109e-01
8.180000000000000000e+02 8.778279683726089022e-01
8.190000000000000000e+02 9.960031219897855781e-01
8.200000000000000000e+02 8.048599757048977565e-01
8.210000000000000000e+02 8.933470065726153431e-01
8.220000000000000000e+02 9.890233869350459894e-01
8.230000000000000000e+02 1.189240236338351187e+00
8.240000000000000000e+02 9.483095442573772349e-01
8.250000000000000000e+02 9.947873657491802524e-01
8.260000000000000000e+02 9.551160893037407007e-01
8.270000000000000000e+02 8.821339436455745142e-01
8.280000000000000000e+02 9.101787305050560439e-01
8.290000000000000000e+02 1.003863361739476767e+00
8.300000000000000000e+02 8.767449737801589205e-01
8.310000000000000000e+02 8.513753899703861983e-01
8.320000000000000000e+02 1.140874164249261913e+00
8.330000000000000000e+02 8.175697394217241731e-01
8.340000000000000000e+02 1.141616678325527046e+00
8.350000000000000000e+02 8.594266568787417571e-01
8.360000000000000000e+02 1.094475398264102006e+00
8.370000000000000000e+02 1.035531438980679120e+00
8.380000000000000000e+02 1.011740727310146415e+00
8.390000000000000000e+02 9.390812976783602384e-01
8.400000000000000000e+02 7.899174018182105739e-01
8.410000000000000000e+02 1.151863538601595183e+00
8.420000000000000000e+02 1.086181168524606999e+00
8.430000000000000000e+02 1.039459653457624588e+00
8.440000000000000000e+02 9.959529347604431093e-01
8.450000000000000000e+02 1.088234870368975926e+00
8.460000000000000000e+02 1.186299285578349849e+00
8.470000000000000000e+02 1.230916328002136240e+00
8.480000000000000000e+02 8.973687874054034896e-01
8.490000000000000000e+02 1.043164387615261646e+00
8.500000000000000000e+02 8.652358082269631101e-01
8.510000000000000000e+02 8.274753967101047269e-01
8.520000000000000000e+02 1.074302505075579450e+00
8.530000000000000000e+02 1.008519698563436817e+00
8.540000000000000000e+02 1.090316735485649779e+00
8.550000000000000000e+02 1.150464715788149350e+00
8.560000000000000000e+02 9.711808072721282992e-01
8.570000000000000000e+02 1.191706352192061891e+00
8.580000000000000000e+02 9.846747556164927584e-01
8.590000000000000000e+02 8.931507144205618198e-01
8.600000000000000000e+02 9.320525088913818035e-01
8.610000000000000000e+02 8.071103971901190111e-01
8.620000000000000000e+02 1.003032505058617074e+00
8.630000000000000000e+02 1.143300585200059505e+00
8.640000000000000000e+02 9.076705290358770828e-01
8.650000000000000000e+02 1.062536422123694591e+00
8.660000000000000000e+02 9.203714260998752117e-01
8.670000000000000000e+02 1.390095734307223330e+00
8.680000000000000000e+02 1.102607398097362523e+00
8.690000000000000000e+02 1.073053426981455338e+00
8.700000000000000000e+02 8.402250932615397128e-01
8.710000000000000000e+02 1.006722102116453410e+00
8.720000000000000000e+02 1.004089864087837514e+00
8.730000000000000000e+02 1.003916346496256606e+00
