# realization, R_28 (parity assym measure for lmax=27)
1.240000000000000000e+02 1.065620485448071530e+00
1.250000000000000000e+02 1.105229619966737298e+00
1.260000000000000000e+02 1.117317464581544018e+00
1.270000000000000000e+02 1.060944103303976815e+00
1.280000000000000000e+02 8.870107154831090579e-01
1.290000000000000000e+02 1.003470853715423994e+00
1.300000000000000000e+02 1.026703784217806836e+00
1.310000000000000000e+02 8.777357543361818948e-01
1.320000000000000000e+02 8.018086302611303617e-01
1.330000000000000000e+02 8.272393118210853435e-01
1.340000000000000000e+02 9.021200110056066812e-01
1.350000000000000000e+02 9.645948212129242805e-01
1.360000000000000000e+02 9.811221727739647402e-01
1.370000000000000000e+02 9.131877586229679711e-01
1.380000000000000000e+02 9.822218596301538485e-01
1.390000000000000000e+02 9.022476526586027390e-01
1.400000000000000000e+02 9.704117006598640405e-01
1.410000000000000000e+02 8.944477702731075119e-01
1.420000000000000000e+02 8.926317157342693598e-01
1.430000000000000000e+02 1.108080671520570659e+00
1.440000000000000000e+02 1.174186690761283902e+00
1.450000000000000000e+02 1.082742818352625092e+00
1.460000000000000000e+02 1.076037748467544519e+00
1.470000000000000000e+02 9.801033873539251040e-01
1.480000000000000000e+02 1.112692594364019794e+00
1.490000000000000000e+02 1.422381582133897426e+00
1.500000000000000000e+02 1.198405578010600214e+00
1.510000000000000000e+02 1.010654170262046181e+00
1.520000000000000000e+02 9.677328006174350516e-01
1.530000000000000000e+02 1.016940344103324234e+00
1.540000000000000000e+02 1.031410928628600621e+00
1.550000000000000000e+02 9.799625504063325110e-01
1.560000000000000000e+02 1.019070386984471943e+00
1.570000000000000000e+02 1.032866005878445348e+00
1.580000000000000000e+02 1.123796164385890028e+00
1.590000000000000000e+02 8.952502680661352796e-01
1.600000000000000000e+02 9.254008507491773283e-01
1.610000000000000000e+02 1.140409012234735675e+00
1.620000000000000000e+02 1.002434186729743049e+00
1.630000000000000000e+02 1.093985152293026619e+00
1.640000000000000000e+02 8.805304605181120126e-01
1.650000000000000000e+02 8.455885395785581737e-01
1.660000000000000000e+02 1.137284978720403350e+00
1.670000000000000000e+02 1.115081931964770678e+00
1.680000000000000000e+02 8.905748232411754284e-01
1.690000000000000000e+02 1.156365303512540521e+00
1.700000000000000000e+02 1.023681817512834158e+00
1.710000000000000000e+02 8.921978450955381224e-01
1.720000000000000000e+02 8.641164944760989508e-01
1.730000000000000000e+02 1.042688968098785196e+00
1.740000000000000000e+02 1.013071982286996908e+00
1.750000000000000000e+02 9.730424603792572347e-01
1.760000000000000000e+02 1.072913289986083818e+00
1.770000000000000000e+02 8.059210015833147001e-01
1.780000000000000000e+02 1.164534220782902585e+00
1.790000000000000000e+02 8.216674781959795171e-01
1.800000000000000000e+02 1.020051202821189884e+00
1.810000000000000000e+02 1.126833287999918332e+00
1.820000000000000000e+02 1.108913045856890767e+00
1.830000000000000000e+02 9.708554673191489570e-01
1.840000000000000000e+02 9.120316165351796123e-01
1.850000000000000000e+02 9.794082152800853702e-01
1.860000000000000000e+02 8.321488728299497595e-01
1.870000000000000000e+02 1.177725515531572453e+00
1.880000000000000000e+02 9.897852415420697048e-01
1.890000000000000000e+02 1.007893225270216186e+00
1.900000000000000000e+02 1.037058554337739524e+00
1.910000000000000000e+02 7.890706060451329051e-01
1.920000000000000000e+02 8.599017722711925771e-01
1.930000000000000000e+02 9.660671812906764799e-01
1.940000000000000000e+02 1.263309055590437380e+00
1.950000000000000000e+02 8.468093768765856399e-01
1.960000000000000000e+02 1.007224163597796762e+00
1.970000000000000000e+02 1.158150940728394973e+00
1.980000000000000000e+02 8.999136554001383459e-01
1.990000000000000000e+02 1.005546881826274497e+00
2.000000000000000000e+02 9.392923699316533259e-01
2.010000000000000000e+02 1.007304595805122549e+00
2.020000000000000000e+02 1.016716218730377097e+00
2.030000000000000000e+02 1.029227085564949462e+00
2.040000000000000000e+02 9.342406080470602170e-01
2.050000000000000000e+02 1.052550814958139513e+00
2.060000000000000000e+02 8.176434573148413376e-01
2.070000000000000000e+02 1.052352996007510866e+00
2.080000000000000000e+02 8.871501412631923600e-01
2.090000000000000000e+02 1.325194520240747353e+00
2.100000000000000000e+02 1.162847215924477151e+00
2.110000000000000000e+02 9.591143896574424454e-01
2.120000000000000000e+02 9.228600187967924695e-01
2.130000000000000000e+02 9.871020963907031209e-01
2.140000000000000000e+02 1.029986630048938201e+00
2.150000000000000000e+02 9.611872701356758419e-01
2.160000000000000000e+02 8.500312583213625039e-01
2.170000000000000000e+02 9.028775154346161402e-01
2.180000000000000000e+02 9.288173458388596648e-01
2.190000000000000000e+02 8.671292126283716151e-01
2.200000000000000000e+02 1.061005179214852046e+00
2.210000000000000000e+02 1.103614703085589621e+00
2.220000000000000000e+02 9.300590734583745745e-01
2.230000000000000000e+02 9.202721104816922182e-01
2.240000000000000000e+02 1.105122807783920580e+00
2.250000000000000000e+02 1.186588763526629009e+00
2.260000000000000000e+02 8.859679795346027120e-01
2.270000000000000000e+02 1.127010533053608432e+00
2.280000000000000000e+02 1.009103794318785718e+00
2.290000000000000000e+02 1.217839574250853873e+00
2.300000000000000000e+02 9.556289662356589609e-01
2.310000000000000000e+02 1.336279137062957645e+00
2.320000000000000000e+02 9.591739853667320403e-01
2.330000000000000000e+02 1.086483513456150130e+00
2.340000000000000000e+02 9.613703338577576085e-01
2.350000000000000000e+02 9.284092680306337275e-01
2.360000000000000000e+02 8.007853617132335566e-01
2.370000000000000000e+02 1.024316772158528899e+00
2.380000000000000000e+02 9.916265312381721264e-01
2.390000000000000000e+02 9.971316284996168955e-01
2.400000000000000000e+02 8.057941192366400163e-01
2.410000000000000000e+02 8.983420033919305991e-01
2.420000000000000000e+02 8.882760054284679629e-01
2.430000000000000000e+02 1.051074010646869228e+00
2.440000000000000000e+02 1.042807418599960068e+00
2.450000000000000000e+02 1.001282692400887520e+00
2.460000000000000000e+02 1.022219805234429124e+00
2.470000000000000000e+02 1.188380814138052965e+00
2.480000000000000000e+02 1.060515145927837910e+00
