# realization, R_28 (parity assym measure for lmax=27)
4.990000000000000000e+02 1.133463402359035976e+00
5.000000000000000000e+02 8.834525906860258848e-01
5.010000000000000000e+02 1.222295233865076325e+00
5.020000000000000000e+02 9.165487815308801522e-01
5.030000000000000000e+02 8.794141042078285064e-01
5.040000000000000000e+02 1.050935109817140001e+00
5.050000000000000000e+02 9.143289534595635537e-01
5.060000000000000000e+02 8.768656614705153673e-01
5.070000000000000000e+02 1.018020955950175610e+00
5.080000000000000000e+02 8.275636790131014608e-01
5.090000000000000000e+02 1.129423549713192365e+00
5.100000000000000000e+02 1.223078061239620817e+00
5.110000000000000000e+02 1.048313971253213905e+00
5.120000000000000000e+02 1.091895898372851281e+00
5.130000000000000000e+02 1.185623550729479669e+00
5.140000000000000000e+02 1.127969618498593452e+00
5.150000000000000000e+02 8.378515090604511384e-01
5.160000000000000000e+02 1.028486009699354220e+00
5.170000000000000000e+02 1.082958803787646307e+00
5.180000000000000000e+02 8.927971810720751744e-01
5.190000000000000000e+02 9.496861997190514382e-01
5.200000000000000000e+02 1.115641411634793023e+00
5.210000000000000000e+02 9.770660073168563331e-01
5.220000000000000000e+02 9.756435661841560414e-01
5.230000000000000000e+02 8.481146347490912119e-01
5.240000000000000000e+02 1.088561938535070439e+00
5.250000000000000000e+02 1.132933187696436361e+00
5.260000000000000000e+02 1.163339451778274025e+00
5.270000000000000000e+02 9.612050278840660322e-01
5.280000000000000000e+02 6.967536282144637383e-01
5.290000000000000000e+02 1.135617375616730262e+00
5.300000000000000000e+02 9.935366597723249704e-01
5.310000000000000000e+02 8.230824724459587793e-01
5.320000000000000000e+02 9.330083297420486144e-01
5.330000000000000000e+02 8.854592943824871609e-01
5.340000000000000000e+02 1.045406575245629410e+00
5.350000000000000000e+02 1.032724594436980059e+00
5.360000000000000000e+02 8.374543816599626656e-01
5.370000000000000000e+02 9.304983133015721775e-01
5.380000000000000000e+02 1.067214724699184991e+00
5.390000000000000000e+02 1.027536560299499691e+00
5.400000000000000000e+02 8.672785665716542525e-01
5.410000000000000000e+02 9.111041007666069724e-01
5.420000000000000000e+02 1.100131861940788047e+00
5.430000000000000000e+02 8.238655766939055880e-01
5.440000000000000000e+02 1.031167742787484132e+00
5.450000000000000000e+02 9.355344541750147958e-01
5.460000000000000000e+02 1.223360856162307497e+00
5.470000000000000000e+02 1.098344791599780157e+00
5.480000000000000000e+02 9.420964520116722474e-01
5.490000000000000000e+02 9.476855754748410021e-01
5.500000000000000000e+02 9.125481232834504741e-01
5.510000000000000000e+02 1.186624995385346937e+00
5.520000000000000000e+02 8.466469236629292627e-01
5.530000000000000000e+02 1.108552186511191584e+00
5.540000000000000000e+02 9.104746099926428471e-01
5.550000000000000000e+02 1.139123183539605177e+00
5.560000000000000000e+02 1.177865842896768322e+00
5.570000000000000000e+02 1.166380682036962657e+00
5.580000000000000000e+02 8.325357988131534270e-01
5.590000000000000000e+02 1.046684379967421474e+00
5.600000000000000000e+02 9.958094600180803502e-01
5.610000000000000000e+02 1.105689806478771686e+00
5.620000000000000000e+02 9.742136195507049568e-01
5.630000000000000000e+02 9.258428399095304240e-01
5.640000000000000000e+02 1.073318343781784368e+00
5.650000000000000000e+02 8.513347209424741990e-01
5.660000000000000000e+02 1.037775731493005171e+00
5.670000000000000000e+02 1.051287697900644691e+00
5.680000000000000000e+02 1.149151681780343548e+00
5.690000000000000000e+02 9.003125295446647858e-01
5.700000000000000000e+02 1.010675524923707158e+00
5.710000000000000000e+02 9.169027827906273131e-01
5.720000000000000000e+02 1.021833293639088813e+00
5.730000000000000000e+02 9.491329567152831936e-01
5.740000000000000000e+02 1.100011291088975218e+00
5.750000000000000000e+02 9.820440749406470493e-01
5.760000000000000000e+02 1.000884711582131548e+00
5.770000000000000000e+02 8.150799195080983273e-01
5.780000000000000000e+02 1.049107289473638627e+00
5.790000000000000000e+02 9.048978160758182065e-01
5.800000000000000000e+02 8.316252499536374021e-01
5.810000000000000000e+02 7.592329477741310839e-01
5.820000000000000000e+02 8.629921886709015499e-01
5.830000000000000000e+02 8.623532158436892914e-01
5.840000000000000000e+02 8.195645724207581972e-01
5.850000000000000000e+02 9.612880493329941656e-01
5.860000000000000000e+02 1.043868182881715567e+00
5.870000000000000000e+02 1.077930121556778476e+00
5.880000000000000000e+02 1.117348541176773624e+00
5.890000000000000000e+02 1.077439457302943993e+00
5.900000000000000000e+02 1.249721649490710629e+00
5.910000000000000000e+02 8.340621844210663882e-01
5.920000000000000000e+02 1.163065777810790236e+00
5.930000000000000000e+02 1.051220541014846077e+00
5.940000000000000000e+02 1.025169673682738924e+00
5.950000000000000000e+02 1.183704657931326176e+00
5.960000000000000000e+02 1.141642588821390136e+00
5.970000000000000000e+02 1.017344000502732548e+00
5.980000000000000000e+02 1.009533050077693117e+00
5.990000000000000000e+02 1.216055007877568706e+00
6.000000000000000000e+02 1.012950916759205011e+00
6.010000000000000000e+02 1.104784832101842529e+00
6.020000000000000000e+02 1.099350551210408700e+00
6.030000000000000000e+02 1.041730062012469649e+00
6.040000000000000000e+02 1.086702769735856666e+00
6.050000000000000000e+02 7.951271725498796350e-01
6.060000000000000000e+02 1.024720781528314806e+00
6.070000000000000000e+02 1.131143169126813453e+00
6.080000000000000000e+02 9.755095713013339775e-01
6.090000000000000000e+02 1.111026607401380373e+00
6.100000000000000000e+02 8.226187705513792192e-01
6.110000000000000000e+02 9.882593109178618995e-01
6.120000000000000000e+02 8.558990365118360755e-01
6.130000000000000000e+02 9.140357800098111163e-01
6.140000000000000000e+02 7.689575077630912414e-01
6.150000000000000000e+02 9.724953655861121593e-01
6.160000000000000000e+02 9.175313661512422003e-01
6.170000000000000000e+02 1.278034952175444161e+00
6.180000000000000000e+02 9.567451894152102509e-01
6.190000000000000000e+02 8.347716779088707462e-01
6.200000000000000000e+02 9.070641008562004837e-01
6.210000000000000000e+02 1.073923811800485018e+00
6.220000000000000000e+02 9.566139150021869542e-01
6.230000000000000000e+02 1.107664394658949059e+00
