# realization, R_28 (parity assym measure for lmax=27)
3.740000000000000000e+02 1.168343500164502391e+00
3.750000000000000000e+02 1.100431265381442758e+00
3.760000000000000000e+02 1.023255695909757623e+00
3.770000000000000000e+02 9.964353024270218295e-01
3.780000000000000000e+02 9.516925203093673513e-01
3.790000000000000000e+02 8.576968638030143532e-01
3.800000000000000000e+02 1.091766068007632207e+00
3.810000000000000000e+02 1.274892191034131317e+00
3.820000000000000000e+02 9.668408443080159786e-01
3.830000000000000000e+02 1.108837286080403217e+00
3.840000000000000000e+02 9.437364911103169884e-01
3.850000000000000000e+02 8.152920841755075809e-01
3.860000000000000000e+02 8.691007521437644767e-01
3.870000000000000000e+02 8.096243900618309564e-01
3.880000000000000000e+02 1.228692061117711898e+00
3.890000000000000000e+02 8.291374287841735136e-01
3.900000000000000000e+02 1.258142983185368546e+00
3.910000000000000000e+02 1.022602111121093671e+00
3.920000000000000000e+02 1.086617062419962476e+00
3.930000000000000000e+02 1.101763025603400337e+00
3.940000000000000000e+02 9.128763542234981099e-01
3.950000000000000000e+02 1.229987604307595239e+00
3.960000000000000000e+02 9.728742791653498534e-01
3.970000000000000000e+02 8.693203103958562217e-01
3.980000000000000000e+02 1.207636975074085184e+00
3.990000000000000000e+02 1.116976756710563734e+00
4.000000000000000000e+02 8.600287754258004735e-01
4.010000000000000000e+02 8.720695294138036679e-01
4.020000000000000000e+02 8.877544584061730637e-01
4.030000000000000000e+02 9.324399484550198736e-01
4.040000000000000000e+02 1.303745531943991454e+00
4.050000000000000000e+02 1.024357324248078127e+00
4.060000000000000000e+02 1.119169579785382673e+00
4.070000000000000000e+02 1.136358445342182000e+00
4.080000000000000000e+02 1.124519748244429795e+00
4.090000000000000000e+02 1.052011170205714441e+00
4.100000000000000000e+02 9.856655222337684652e-01
4.110000000000000000e+02 9.773900458780467870e-01
4.120000000000000000e+02 9.163560166624993286e-01
4.130000000000000000e+02 1.085172654194523245e+00
4.140000000000000000e+02 9.873921870771337206e-01
4.150000000000000000e+02 8.748686802367195980e-01
4.160000000000000000e+02 9.221612204576427052e-01
4.170000000000000000e+02 9.559042986670895914e-01
4.180000000000000000e+02 1.118861648583719504e+00
4.190000000000000000e+02 1.065646734000638807e+00
4.200000000000000000e+02 8.899783436051095231e-01
4.210000000000000000e+02 1.064502355543750500e+00
4.220000000000000000e+02 1.018970853394649101e+00
4.230000000000000000e+02 7.866633128983789858e-01
4.240000000000000000e+02 1.039512715350692007e+00
4.250000000000000000e+02 8.541776730734310652e-01
4.260000000000000000e+02 9.033438529103785530e-01
4.270000000000000000e+02 1.341568523261256196e+00
4.280000000000000000e+02 1.042688944756770653e+00
4.290000000000000000e+02 1.216081511734758092e+00
4.300000000000000000e+02 1.289858602696839718e+00
4.310000000000000000e+02 9.131051442944506658e-01
4.320000000000000000e+02 1.092727567581626813e+00
4.330000000000000000e+02 9.417084035645443274e-01
4.340000000000000000e+02 9.651523590010661069e-01
4.350000000000000000e+02 8.264245166552960375e-01
4.360000000000000000e+02 9.269704691856184287e-01
4.370000000000000000e+02 9.359395804564489829e-01
4.380000000000000000e+02 1.050181064857689250e+00
4.390000000000000000e+02 8.940085124833461183e-01
4.400000000000000000e+02 8.924775184659772265e-01
4.410000000000000000e+02 9.550158038984419839e-01
4.420000000000000000e+02 8.054434095573579366e-01
4.430000000000000000e+02 9.144941669588874111e-01
4.440000000000000000e+02 1.123118409280611463e+00
4.450000000000000000e+02 9.674859443616498078e-01
4.460000000000000000e+02 1.004966142813052521e+00
4.470000000000000000e+02 1.134438706577879818e+00
4.480000000000000000e+02 8.696924437273904074e-01
4.490000000000000000e+02 9.363634679936003735e-01
4.500000000000000000e+02 1.243580926614993531e+00
4.510000000000000000e+02 1.010046323081070785e+00
4.520000000000000000e+02 1.057231850050125210e+00
4.530000000000000000e+02 1.090477587390626724e+00
4.540000000000000000e+02 9.912128703007969666e-01
4.550000000000000000e+02 9.750604867034562417e-01
4.560000000000000000e+02 9.623045291916093591e-01
4.570000000000000000e+02 9.566087294371419247e-01
4.580000000000000000e+02 9.814201003767230036e-01
4.590000000000000000e+02 9.007759882118528960e-01
4.600000000000000000e+02 9.139358093984399911e-01
4.610000000000000000e+02 1.072206807188099909e+00
4.620000000000000000e+02 1.003272794425894565e+00
4.630000000000000000e+02 8.999270801327866609e-01
4.640000000000000000e+02 9.893640711173412594e-01
4.650000000000000000e+02 1.247979009893796398e+00
4.660000000000000000e+02 9.807682973001570215e-01
4.670000000000000000e+02 9.836830456247447341e-01
4.680000000000000000e+02 9.538768399887058713e-01
4.690000000000000000e+02 1.069502640873609245e+00
4.700000000000000000e+02 9.418319246692979929e-01
4.710000000000000000e+02 9.132286309386745682e-01
4.720000000000000000e+02 1.013846474819338095e+00
4.730000000000000000e+02 9.995496697374547379e-01
4.740000000000000000e+02 1.230048883724564668e+00
4.750000000000000000e+02 1.005647139771872700e+00
4.760000000000000000e+02 8.847213072439265025e-01
4.770000000000000000e+02 8.504297036923709197e-01
4.780000000000000000e+02 1.085871582761433585e+00
4.790000000000000000e+02 9.127245836912061261e-01
4.800000000000000000e+02 8.591697728720663063e-01
4.810000000000000000e+02 1.143296010035737886e+00
4.820000000000000000e+02 1.053392184863394476e+00
4.830000000000000000e+02 9.858111519733204764e-01
4.840000000000000000e+02 8.768041151890975105e-01
4.850000000000000000e+02 1.018589856289444873e+00
4.860000000000000000e+02 1.270105929889901786e+00
4.870000000000000000e+02 1.148024296006841416e+00
4.880000000000000000e+02 9.323565793059503948e-01
4.890000000000000000e+02 8.067174277106857749e-01
4.900000000000000000e+02 1.010477670636051872e+00
4.910000000000000000e+02 1.032286256946143510e+00
4.920000000000000000e+02 1.277256784233383735e+00
4.930000000000000000e+02 8.264954667650667997e-01
4.940000000000000000e+02 1.062261450803214213e+00
4.950000000000000000e+02 1.091239671042029347e+00
4.960000000000000000e+02 7.919966515788923189e-01
4.970000000000000000e+02 1.017292149712550664e+00
4.980000000000000000e+02 9.741197549602581551e-01
