# realization, R_28 (parity assym measure for lmax=27)
6.240000000000000000e+02 8.545701380603321073e-01
6.250000000000000000e+02 1.243801463941819119e+00
6.260000000000000000e+02 9.844105729162568874e-01
6.270000000000000000e+02 1.083377525658520968e+00
6.280000000000000000e+02 8.191823368195694233e-01
6.290000000000000000e+02 9.707411150233852259e-01
6.300000000000000000e+02 8.073526978012369737e-01
6.310000000000000000e+02 9.038030506007530551e-01
6.320000000000000000e+02 8.133350654355714360e-01
6.330000000000000000e+02 1.092556329436919826e+00
6.340000000000000000e+02 9.551582847778899987e-01
6.350000000000000000e+02 9.058658509774109024e-01
6.360000000000000000e+02 9.372303122174518997e-01
6.370000000000000000e+02 8.181920006237839438e-01
6.380000000000000000e+02 9.989696355006826289e-01
6.390000000000000000e+02 9.932661188880037573e-01
6.400000000000000000e+02 8.042109414218384655e-01
6.410000000000000000e+02 1.034409857155683898e+00
6.420000000000000000e+02 1.331256270030708455e+00
6.430000000000000000e+02 8.396398015371226986e-01
6.440000000000000000e+02 1.077780525589315141e+00
6.450000000000000000e+02 1.019515338763089751e+00
6.460000000000000000e+02 9.629483102893174884e-01
6.470000000000000000e+02 1.034772562812096064e+00
6.480000000000000000e+02 8.332579826134789425e-01
6.490000000000000000e+02 1.009388488071776946e+00
6.500000000000000000e+02 1.048580318749864349e+00
6.510000000000000000e+02 1.029280514856613093e+00
6.520000000000000000e+02 9.064250216855957998e-01
6.530000000000000000e+02 9.286272403982677170e-01
6.540000000000000000e+02 1.031062485717739508e+00
6.550000000000000000e+02 1.040403637740532572e+00
6.560000000000000000e+02 9.619026070225646929e-01
6.570000000000000000e+02 8.509914862841293504e-01
6.580000000000000000e+02 1.031591263145805737e+00
6.590000000000000000e+02 9.972034673961902573e-01
6.600000000000000000e+02 1.106770053213228744e+00
6.610000000000000000e+02 8.636531201196046004e-01
6.620000000000000000e+02 1.219420725321153753e+00
6.630000000000000000e+02 1.022100303048623315e+00
6.640000000000000000e+02 1.004724723974407041e+00
6.650000000000000000e+02 7.951368031292818106e-01
6.660000000000000000e+02 1.063340005678415467e+00
6.670000000000000000e+02 1.138334390589241352e+00
6.680000000000000000e+02 8.366260366833471185e-01
6.690000000000000000e+02 9.685167550216834398e-01
6.700000000000000000e+02 1.377131635837247181e+00
6.710000000000000000e+02 8.730076261945327598e-01
6.720000000000000000e+02 1.037880444861073448e+00
6.730000000000000000e+02 8.911289583622000743e-01
6.740000000000000000e+02 9.843794611059022426e-01
6.750000000000000000e+02 8.955377794396646163e-01
6.760000000000000000e+02 1.004720052375858375e+00
6.770000000000000000e+02 9.602218091110088505e-01
6.780000000000000000e+02 1.177319270373617499e+00
6.790000000000000000e+02 8.531610863737865147e-01
6.800000000000000000e+02 9.489662933859551730e-01
6.810000000000000000e+02 1.290331579031001041e+00
6.820000000000000000e+02 1.138808485526602743e+00
6.830000000000000000e+02 9.548300005957039982e-01
6.840000000000000000e+02 9.331086006888207329e-01
6.850000000000000000e+02 1.033507980778891389e+00
6.860000000000000000e+02 9.541764994743633377e-01
6.870000000000000000e+02 8.984696612493988654e-01
6.880000000000000000e+02 9.020619292100916509e-01
6.890000000000000000e+02 8.833105675635203324e-01
6.900000000000000000e+02 9.216559651052934621e-01
6.910000000000000000e+02 8.831763897901889759e-01
6.920000000000000000e+02 8.513985651256785747e-01
6.930000000000000000e+02 9.281333847107723356e-01
6.940000000000000000e+02 1.175329407690731687e+00
6.950000000000000000e+02 1.006980319784346545e+00
6.960000000000000000e+02 1.064225682542468299e+00
6.970000000000000000e+02 1.046987157689905912e+00
6.980000000000000000e+02 9.835268249261768236e-01
6.990000000000000000e+02 9.178896256262387698e-01
7.000000000000000000e+02 1.124255580738818594e+00
7.010000000000000000e+02 1.043573287188346965e+00
7.020000000000000000e+02 8.985233846236179156e-01
7.030000000000000000e+02 9.379755515678082078e-01
7.040000000000000000e+02 9.533155531238661773e-01
7.050000000000000000e+02 1.141722612975488937e+00
7.060000000000000000e+02 1.255818787860810914e+00
7.070000000000000000e+02 1.261534211245135317e+00
7.080000000000000000e+02 1.387681364946415030e+00
7.090000000000000000e+02 1.175892932560144377e+00
7.100000000000000000e+02 9.332050295203174750e-01
7.110000000000000000e+02 1.082872060408083481e+00
7.120000000000000000e+02 8.837236130921198862e-01
7.130000000000000000e+02 8.550954397711156840e-01
7.140000000000000000e+02 1.089190521035972248e+00
7.150000000000000000e+02 1.053261541150489311e+00
7.160000000000000000e+02 8.431749003626698435e-01
7.170000000000000000e+02 1.049561783525796876e+00
7.180000000000000000e+02 9.464017399483644066e-01
7.190000000000000000e+02 1.083286167725373561e+00
7.200000000000000000e+02 8.554127615241962079e-01
7.210000000000000000e+02 7.644291801961640154e-01
7.220000000000000000e+02 9.555522422128008841e-01
7.230000000000000000e+02 1.120707482981709413e+00
7.240000000000000000e+02 9.679646050075957353e-01
7.250000000000000000e+02 9.733540285320458896e-01
7.260000000000000000e+02 1.254521792751183140e+00
7.270000000000000000e+02 8.726147460344473306e-01
7.280000000000000000e+02 9.277503669246219831e-01
7.290000000000000000e+02 8.601334895561424387e-01
7.300000000000000000e+02 9.870695763242303133e-01
7.310000000000000000e+02 9.920952951078012561e-01
7.320000000000000000e+02 8.051207125094778094e-01
7.330000000000000000e+02 9.541980627513672042e-01
7.340000000000000000e+02 1.115040746952726369e+00
7.350000000000000000e+02 9.257129239000851939e-01
7.360000000000000000e+02 9.621536533388875823e-01
7.370000000000000000e+02 1.508579854788218988e+00
7.380000000000000000e+02 8.962232468827198151e-01
7.390000000000000000e+02 9.148081249558209782e-01
7.400000000000000000e+02 9.981866267842119944e-01
7.410000000000000000e+02 1.044826095530047683e+00
7.420000000000000000e+02 1.021797843867842115e+00
7.430000000000000000e+02 9.376657875061724656e-01
7.440000000000000000e+02 1.043017373089375477e+00
7.450000000000000000e+02 1.233770134402749186e+00
7.460000000000000000e+02 1.132844653568226834e+00
7.470000000000000000e+02 1.000321650921954797e+00
7.480000000000000000e+02 8.057218549544594710e-01
