# realization, R_50 (parity assym measure for lmax=50)
4.990000000000000000e+02 1.130501590886291208e+00
5.000000000000000000e+02 9.575341994530276457e-01
5.010000000000000000e+02 1.088177288811098542e+00
5.020000000000000000e+02 9.811287585737440420e-01
5.030000000000000000e+02 9.380760510854654344e-01
5.040000000000000000e+02 1.044573501045753972e+00
5.050000000000000000e+02 9.163046106089001164e-01
5.060000000000000000e+02 9.988373453539454161e-01
5.070000000000000000e+02 1.006373082147984821e+00
5.080000000000000000e+02 8.933782299572976537e-01
5.090000000000000000e+02 1.121571279434593560e+00
5.100000000000000000e+02 1.109133952764876918e+00
5.110000000000000000e+02 1.040830550322154213e+00
5.120000000000000000e+02 1.072402978159968212e+00
5.130000000000000000e+02 1.080447175957009787e+00
5.140000000000000000e+02 1.134873578532926253e+00
5.150000000000000000e+02 8.574042135040775836e-01
5.160000000000000000e+02 1.016254083162811073e+00
5.170000000000000000e+02 1.100415200477789179e+00
5.180000000000000000e+02 9.483259057786229684e-01
5.190000000000000000e+02 1.001270935850576027e+00
5.200000000000000000e+02 1.119256430114262679e+00
5.210000000000000000e+02 1.022888947077528643e+00
5.220000000000000000e+02 9.501398954492963345e-01
5.230000000000000000e+02 8.832694249847381496e-01
5.240000000000000000e+02 9.886595420903317999e-01
5.250000000000000000e+02 1.072014784034945434e+00
5.260000000000000000e+02 1.109776156442364936e+00
5.270000000000000000e+02 1.018294822285600310e+00
5.280000000000000000e+02 8.295130198525697551e-01
5.290000000000000000e+02 1.061145505834608649e+00
5.300000000000000000e+02 9.268896590688667780e-01
5.310000000000000000e+02 8.993923890694567325e-01
5.320000000000000000e+02 9.175820724107944804e-01
5.330000000000000000e+02 9.804050943274656982e-01
5.340000000000000000e+02 1.027130976445030264e+00
5.350000000000000000e+02 1.021240128232288269e+00
5.360000000000000000e+02 1.013422330959058204e+00
5.370000000000000000e+02 9.573034799429982478e-01
5.380000000000000000e+02 1.035844749586925406e+00
5.390000000000000000e+02 1.050780454346393444e+00
5.400000000000000000e+02 9.521990384045549982e-01
5.410000000000000000e+02 9.829653971506826515e-01
5.420000000000000000e+02 1.023022936760810575e+00
5.430000000000000000e+02 9.600081288683571801e-01
5.440000000000000000e+02 1.054491500672832816e+00
5.450000000000000000e+02 9.732438511617925725e-01
5.460000000000000000e+02 1.134837823757352870e+00
5.470000000000000000e+02 1.072673241337433137e+00
5.480000000000000000e+02 9.739132444435740776e-01
5.490000000000000000e+02 9.358710645748488099e-01
5.500000000000000000e+02 9.447589930308881723e-01
5.510000000000000000e+02 1.057882077715730507e+00
5.520000000000000000e+02 9.633942780218489599e-01
5.530000000000000000e+02 1.062790097485425411e+00
5.540000000000000000e+02 9.570098023118259745e-01
5.550000000000000000e+02 1.087101517594382560e+00
5.560000000000000000e+02 1.118332289008222791e+00
5.570000000000000000e+02 1.054466902609895618e+00
5.580000000000000000e+02 8.473495929190572040e-01
5.590000000000000000e+02 1.056590761824125257e+00
5.600000000000000000e+02 1.005714275569442595e+00
5.610000000000000000e+02 1.050146644801335016e+00
5.620000000000000000e+02 1.031355679038911566e+00
5.630000000000000000e+02 9.549229339323934695e-01
5.640000000000000000e+02 1.095880370057861874e+00
5.650000000000000000e+02 8.860472647766119980e-01
5.660000000000000000e+02 1.037977180982160075e+00
5.670000000000000000e+02 1.063791168121525743e+00
5.680000000000000000e+02 1.125735867449483063e+00
5.690000000000000000e+02 1.005807001530032663e+00
5.700000000000000000e+02 1.009948994181169901e+00
5.710000000000000000e+02 9.022829857111276386e-01
5.720000000000000000e+02 9.913550741125261023e-01
5.730000000000000000e+02 9.478009547551835556e-01
5.740000000000000000e+02 1.119760355927984952e+00
5.750000000000000000e+02 9.973038577719992581e-01
5.760000000000000000e+02 9.202507187825049728e-01
5.770000000000000000e+02 9.244782895233661923e-01
5.780000000000000000e+02 1.033243312413034465e+00
5.790000000000000000e+02 9.552063655683501464e-01
5.800000000000000000e+02 9.043864193565143150e-01
5.810000000000000000e+02 8.315002586821980124e-01
5.820000000000000000e+02 9.042328837228800209e-01
5.830000000000000000e+02 8.865071319371655711e-01
5.840000000000000000e+02 8.954962214687623989e-01
5.850000000000000000e+02 1.019748548700095458e+00
5.860000000000000000e+02 1.046463324444483201e+00
5.870000000000000000e+02 1.051867843548367265e+00
5.880000000000000000e+02 1.048955656562840399e+00
5.890000000000000000e+02 1.007147213677185071e+00
5.900000000000000000e+02 1.121873230161641644e+00
5.910000000000000000e+02 9.078531385190176106e-01
5.920000000000000000e+02 1.087740159530751649e+00
5.930000000000000000e+02 9.935515249547403061e-01
5.940000000000000000e+02 1.049150966304944754e+00
5.950000000000000000e+02 1.097748675750650049e+00
5.960000000000000000e+02 1.079528794047737605e+00
5.970000000000000000e+02 1.023998281665460919e+00
5.980000000000000000e+02 1.016375382268024374e+00
5.990000000000000000e+02 1.157858524981907333e+00
6.000000000000000000e+02 9.681153923251182292e-01
6.010000000000000000e+02 1.063564711722350120e+00
6.020000000000000000e+02 1.130506956855433787e+00
6.030000000000000000e+02 1.039044571163221020e+00
6.040000000000000000e+02 1.056008040690741057e+00
6.050000000000000000e+02 8.575436915080949518e-01
6.060000000000000000e+02 1.031659564577889876e+00
6.070000000000000000e+02 1.114096426074817625e+00
6.080000000000000000e+02 9.654464583278412615e-01
6.090000000000000000e+02 1.038148762366193134e+00
6.100000000000000000e+02 8.908522112895128631e-01
6.110000000000000000e+02 1.028117751919229494e+00
6.120000000000000000e+02 9.439232117657980758e-01
6.130000000000000000e+02 9.770716617001942161e-01
6.140000000000000000e+02 9.494603945632642539e-01
6.150000000000000000e+02 9.647983274264997355e-01
6.160000000000000000e+02 9.382571048671172198e-01
6.170000000000000000e+02 1.182772832633096405e+00
6.180000000000000000e+02 1.009576400427445675e+00
6.190000000000000000e+02 8.824005433698449696e-01
6.200000000000000000e+02 9.470563852713090869e-01
6.210000000000000000e+02 1.048839424436336154e+00
6.220000000000000000e+02 9.519365114341812317e-01
6.230000000000000000e+02 1.100831975076555835e+00
