# realization, R_50 (parity assym measure for lmax=50)
8.740000000000000000e+02 1.061110236752788927e+00
8.750000000000000000e+02 1.007286774177244437e+00
8.760000000000000000e+02 1.127281630641200794e+00
8.770000000000000000e+02 1.093652926447940654e+00
8.780000000000000000e+02 1.054244594286433578e+00
8.790000000000000000e+02 9.765752813638702845e-01
8.800000000000000000e+02 8.807881691160831528e-01
8.810000000000000000e+02 1.089208367394889798e+00
8.820000000000000000e+02 1.034653958638087179e+00
8.830000000000000000e+02 8.770518172702312931e-01
8.840000000000000000e+02 9.431676967432504055e-01
8.850000000000000000e+02 1.053612384807595115e+00
8.860000000000000000e+02 1.049939304080911517e+00
8.870000000000000000e+02 1.008846919781080986e+00
8.880000000000000000e+02 9.979555006043774323e-01
8.890000000000000000e+02 9.636397090836046342e-01
8.900000000000000000e+02 1.112087713389565913e+00
8.910000000000000000e+02 9.922602770539489248e-01
8.920000000000000000e+02 9.107355112208226355e-01
8.930000000000000000e+02 1.072403910356720669e+00
8.940000000000000000e+02 1.076318494903241829e+00
8.950000000000000000e+02 1.061163899371123875e+00
8.960000000000000000e+02 9.513673631100230121e-01
8.970000000000000000e+02 1.158375766811014174e+00
8.980000000000000000e+02 1.122185190996169757e+00
8.990000000000000000e+02 1.051758943850795935e+00
9.000000000000000000e+02 8.785189233105608064e-01
9.010000000000000000e+02 1.051575770762686268e+00
9.020000000000000000e+02 1.091307841392809896e+00
9.030000000000000000e+02 1.043051660042151774e+00
9.040000000000000000e+02 9.982834132481283040e-01
9.050000000000000000e+02 1.015841424249037894e+00
9.060000000000000000e+02 1.164165894185821282e+00
9.070000000000000000e+02 9.760328690739552560e-01
9.080000000000000000e+02 1.087212758593626205e+00
9.090000000000000000e+02 9.781779576203132320e-01
9.100000000000000000e+02 1.021413585737022345e+00
9.110000000000000000e+02 1.112778409351319775e+00
9.120000000000000000e+02 9.927404127247233534e-01
9.130000000000000000e+02 1.025722081993638124e+00
9.140000000000000000e+02 1.002185329856742468e+00
9.150000000000000000e+02 9.392144478756719872e-01
9.160000000000000000e+02 8.896318952724614482e-01
9.170000000000000000e+02 1.146572371839043036e+00
9.180000000000000000e+02 1.096301772480622994e+00
9.190000000000000000e+02 9.444554104084373902e-01
9.200000000000000000e+02 1.027851173322993139e+00
9.210000000000000000e+02 1.070214843083275413e+00
9.220000000000000000e+02 9.966825030179078393e-01
9.230000000000000000e+02 1.123444073131331322e+00
9.240000000000000000e+02 9.719808967878655892e-01
9.250000000000000000e+02 9.779410678629751885e-01
9.260000000000000000e+02 8.994273337212659314e-01
9.270000000000000000e+02 1.001514747402426186e+00
9.280000000000000000e+02 8.724514427157271657e-01
9.290000000000000000e+02 1.047565100986620035e+00
9.300000000000000000e+02 9.196675554299253985e-01
9.310000000000000000e+02 9.231840958833472666e-01
9.320000000000000000e+02 9.118997280034623065e-01
9.330000000000000000e+02 9.141055354030188651e-01
9.340000000000000000e+02 8.628433764874945400e-01
9.350000000000000000e+02 1.044638466640308128e+00
9.360000000000000000e+02 8.281255108243835705e-01
9.370000000000000000e+02 1.026506229980106433e+00
9.380000000000000000e+02 9.443453095478825388e-01
9.390000000000000000e+02 9.315119465631704898e-01
9.400000000000000000e+02 1.072165895383533796e+00
9.410000000000000000e+02 1.018833041966459740e+00
9.420000000000000000e+02 9.784660000507225952e-01
9.430000000000000000e+02 1.103959344248128804e+00
9.440000000000000000e+02 1.029500509206964676e+00
9.450000000000000000e+02 1.050277105363832897e+00
9.460000000000000000e+02 9.602953508934303217e-01
9.470000000000000000e+02 9.380726625120165973e-01
9.480000000000000000e+02 1.115375827767244976e+00
9.490000000000000000e+02 1.023719174092795781e+00
9.500000000000000000e+02 1.123580492785379636e+00
9.510000000000000000e+02 1.056014862923768893e+00
9.520000000000000000e+02 1.019286989353780593e+00
9.530000000000000000e+02 9.283860401125878514e-01
9.540000000000000000e+02 1.008253301610578356e+00
9.550000000000000000e+02 1.027900732073719681e+00
9.560000000000000000e+02 9.489606182674324986e-01
9.570000000000000000e+02 8.703484615085644860e-01
9.580000000000000000e+02 1.113207525070206039e+00
9.590000000000000000e+02 1.048845494557052227e+00
9.600000000000000000e+02 9.083885489959552251e-01
9.610000000000000000e+02 1.030280467069927930e+00
9.620000000000000000e+02 8.907679243232293764e-01
9.630000000000000000e+02 8.986983386915522454e-01
9.640000000000000000e+02 9.808058840326392414e-01
9.650000000000000000e+02 1.028028439916999437e+00
9.660000000000000000e+02 9.588441465782537865e-01
9.670000000000000000e+02 9.601430847854339756e-01
9.680000000000000000e+02 9.490108882624656017e-01
9.690000000000000000e+02 9.103767430523235227e-01
9.700000000000000000e+02 1.089007655155253884e+00
9.710000000000000000e+02 1.013990615568384879e+00
9.720000000000000000e+02 1.100301156013091752e+00
9.730000000000000000e+02 1.119859118627441141e+00
9.740000000000000000e+02 1.073160268239834458e+00
9.750000000000000000e+02 9.485644304347400357e-01
9.760000000000000000e+02 1.131628899974944202e+00
9.770000000000000000e+02 1.024216943009660152e+00
9.780000000000000000e+02 1.024520618893669077e+00
9.790000000000000000e+02 1.037208550178046584e+00
9.800000000000000000e+02 9.579148363115956855e-01
9.810000000000000000e+02 9.837353302408883282e-01
9.820000000000000000e+02 1.131910699504531825e+00
9.830000000000000000e+02 1.115888943113412246e+00
9.840000000000000000e+02 9.115325063791772653e-01
9.850000000000000000e+02 1.083582902223978239e+00
9.860000000000000000e+02 9.144928085762538128e-01
9.870000000000000000e+02 9.535292096141468887e-01
9.880000000000000000e+02 1.034857284174064418e+00
9.890000000000000000e+02 1.103522887466166003e+00
9.900000000000000000e+02 9.682773135495279515e-01
9.910000000000000000e+02 9.564960961648739657e-01
9.920000000000000000e+02 1.022395771291671362e+00
9.930000000000000000e+02 1.053957917832794022e+00
9.940000000000000000e+02 9.977718065046390361e-01
9.950000000000000000e+02 1.028444613850122868e+00
9.960000000000000000e+02 1.015987010938089519e+00
9.970000000000000000e+02 8.835107215570862094e-01
9.980000000000000000e+02 1.166576332785321801e+00
9.990000000000000000e+02 9.715496079277543551e-01
