# realization, R_50 (parity assym measure for lmax=50)
6.240000000000000000e+02 9.030502579386950890e-01
6.250000000000000000e+02 1.127437411008039181e+00
6.260000000000000000e+02 9.969771000633637081e-01
6.270000000000000000e+02 1.092352734552429316e+00
6.280000000000000000e+02 9.397043478285685980e-01
6.290000000000000000e+02 9.867832834056794455e-01
6.300000000000000000e+02 8.681202111361961959e-01
6.310000000000000000e+02 9.550784558361689047e-01
6.320000000000000000e+02 8.580144488520505819e-01
6.330000000000000000e+02 1.087241398743097109e+00
6.340000000000000000e+02 9.627156990274616799e-01
6.350000000000000000e+02 9.214416179145176189e-01
6.360000000000000000e+02 9.472851849751383613e-01
6.370000000000000000e+02 9.519835658689159708e-01
6.380000000000000000e+02 9.986265725120648806e-01
6.390000000000000000e+02 9.419274644453332623e-01
6.400000000000000000e+02 9.075572793970411167e-01
6.410000000000000000e+02 9.941909640129485970e-01
6.420000000000000000e+02 1.229736807333761783e+00
6.430000000000000000e+02 9.272310167480961596e-01
6.440000000000000000e+02 1.076859021592222909e+00
6.450000000000000000e+02 9.845241444592297553e-01
6.460000000000000000e+02 9.455913412039936849e-01
6.470000000000000000e+02 1.071365529797648097e+00
6.480000000000000000e+02 9.604848265462493373e-01
6.490000000000000000e+02 1.016873156625748509e+00
6.500000000000000000e+02 1.008011085908277593e+00
6.510000000000000000e+02 1.036093306618880883e+00
6.520000000000000000e+02 9.172924140525435810e-01
6.530000000000000000e+02 9.935131672306282136e-01
6.540000000000000000e+02 1.052135905302105545e+00
6.550000000000000000e+02 1.026958289242154043e+00
6.560000000000000000e+02 1.003856900012562336e+00
6.570000000000000000e+02 9.742065884822121991e-01
6.580000000000000000e+02 1.028993362556651636e+00
6.590000000000000000e+02 9.806190677197162975e-01
6.600000000000000000e+02 1.076541787176785725e+00
6.610000000000000000e+02 9.368088620191700189e-01
6.620000000000000000e+02 1.105045587419748010e+00
6.630000000000000000e+02 1.050507633703914312e+00
6.640000000000000000e+02 1.014422207439412915e+00
6.650000000000000000e+02 9.494806313388243213e-01
6.660000000000000000e+02 1.037500133989784912e+00
6.670000000000000000e+02 1.121053751573604540e+00
6.680000000000000000e+02 9.383960138393399042e-01
6.690000000000000000e+02 9.916779921391339903e-01
6.700000000000000000e+02 1.137040400157262487e+00
6.710000000000000000e+02 9.325896019700301576e-01
6.720000000000000000e+02 1.018503109737942891e+00
6.730000000000000000e+02 9.325510019581189081e-01
6.740000000000000000e+02 9.797122747642524887e-01
6.750000000000000000e+02 9.080173049227472371e-01
6.760000000000000000e+02 9.723011700492427689e-01
6.770000000000000000e+02 9.764368460029582142e-01
6.780000000000000000e+02 1.080593683811348793e+00
6.790000000000000000e+02 9.522519314079456176e-01
6.800000000000000000e+02 1.043124708922698263e+00
6.810000000000000000e+02 1.158756778585681158e+00
6.820000000000000000e+02 1.075985765900513424e+00
6.830000000000000000e+02 9.301916253246688138e-01
6.840000000000000000e+02 9.486192856949856589e-01
6.850000000000000000e+02 1.086482909495889215e+00
6.860000000000000000e+02 9.910294570477343745e-01
6.870000000000000000e+02 1.006642858633188586e+00
6.880000000000000000e+02 9.798445272631609582e-01
6.890000000000000000e+02 9.270932631201426188e-01
6.900000000000000000e+02 9.144235906934589098e-01
6.910000000000000000e+02 9.488647826187854850e-01
6.920000000000000000e+02 9.453229274631864687e-01
6.930000000000000000e+02 9.712960175022653520e-01
6.940000000000000000e+02 1.054512995757789895e+00
6.950000000000000000e+02 9.975212413745098150e-01
6.960000000000000000e+02 1.056843150802667664e+00
6.970000000000000000e+02 1.022772231446692937e+00
6.980000000000000000e+02 1.013674469045311888e+00
6.990000000000000000e+02 1.012429673830181454e+00
7.000000000000000000e+02 1.097442795304709673e+00
7.010000000000000000e+02 1.009562578593932836e+00
7.020000000000000000e+02 9.472303265427547414e-01
7.030000000000000000e+02 9.645556547006706172e-01
7.040000000000000000e+02 9.718193631795883913e-01
7.050000000000000000e+02 1.076272715110122125e+00
7.060000000000000000e+02 1.140544028020625156e+00
7.070000000000000000e+02 1.189818118454158746e+00
7.080000000000000000e+02 1.167649004379821331e+00
7.090000000000000000e+02 1.101882380433753639e+00
7.100000000000000000e+02 9.659268727306552504e-01
7.110000000000000000e+02 1.025411774989193558e+00
7.120000000000000000e+02 9.557842817400443725e-01
7.130000000000000000e+02 9.003539080183102783e-01
7.140000000000000000e+02 1.065928269225132174e+00
7.150000000000000000e+02 1.024435051548200137e+00
7.160000000000000000e+02 9.209068216347718883e-01
7.170000000000000000e+02 1.003161648364107705e+00
7.180000000000000000e+02 9.814352138934512304e-01
7.190000000000000000e+02 1.082987081729188450e+00
7.200000000000000000e+02 9.206823610789655055e-01
7.210000000000000000e+02 8.332497915817271839e-01
7.220000000000000000e+02 9.904535457629415340e-01
7.230000000000000000e+02 1.098965017493857443e+00
7.240000000000000000e+02 1.007950637827032425e+00
7.250000000000000000e+02 1.027704699811270217e+00
7.260000000000000000e+02 1.162401019260401513e+00
7.270000000000000000e+02 9.247175109197431908e-01
7.280000000000000000e+02 9.680633345539061407e-01
7.290000000000000000e+02 9.885413052014098145e-01
7.300000000000000000e+02 9.702991452945419759e-01
7.310000000000000000e+02 9.807740661869479570e-01
7.320000000000000000e+02 9.100412952975622805e-01
7.330000000000000000e+02 9.712473623960817815e-01
7.340000000000000000e+02 1.066167194160206888e+00
7.350000000000000000e+02 1.064059954636507710e+00
7.360000000000000000e+02 9.476057407233553498e-01
7.370000000000000000e+02 1.316450648420820713e+00
7.380000000000000000e+02 9.811437504942380761e-01
7.390000000000000000e+02 9.374630041913799561e-01
7.400000000000000000e+02 9.650617479735653648e-01
7.410000000000000000e+02 1.026304497694986884e+00
7.420000000000000000e+02 1.085319544306206030e+00
7.430000000000000000e+02 9.694477267340184667e-01
7.440000000000000000e+02 1.002820148244999876e+00
7.450000000000000000e+02 1.130989928061422622e+00
7.460000000000000000e+02 1.125654256243727946e+00
7.470000000000000000e+02 1.025460681745670399e+00
7.480000000000000000e+02 8.371255858111422699e-01
