# realization, S_1/2
8.740000000000000000e+02 2.449526847994610580e+04
8.750000000000000000e+02 2.794050597976950303e+04
8.760000000000000000e+02 9.966223037512836163e+04
8.770000000000000000e+02 6.058096807227849058e+04
8.780000000000000000e+02 6.668886917036474915e+04
8.790000000000000000e+02 1.370032594907515449e+05
8.800000000000000000e+02 2.140683026014535790e+04
8.810000000000000000e+02 4.343403873022284824e+04
8.820000000000000000e+02 2.119758574368990376e+05
8.830000000000000000e+02 1.417025695252399237e+04
8.840000000000000000e+02 7.509961812248059141e+04
8.850000000000000000e+02 4.105120386635315663e+04
8.860000000000000000e+02 1.893547584777380980e+05
8.870000000000000000e+02 1.241712713055398490e+04
8.880000000000000000e+02 2.287295808041494456e+04
8.890000000000000000e+02 2.510844990738470005e+04
8.900000000000000000e+02 1.688554106135929178e+05
8.910000000000000000e+02 1.111942489332049809e+04
8.920000000000000000e+02 1.659116416595089686e+04
8.930000000000000000e+02 1.740248487735443632e+05
8.940000000000000000e+02 8.968024830682158063e+04
8.950000000000000000e+02 1.192126961716773621e+04
8.960000000000000000e+02 5.695646492601522186e+04
8.970000000000000000e+02 1.177493278461729875e+06
8.980000000000000000e+02 1.019191584515979048e+05
8.990000000000000000e+02 1.200534876083583367e+05
9.000000000000000000e+02 5.071237001355053508e+03
9.010000000000000000e+02 1.075096769902428969e+04
9.020000000000000000e+02 2.031332101965365291e+04
9.030000000000000000e+02 4.785575295152936451e+04
9.040000000000000000e+02 1.810551560248365422e+04
9.050000000000000000e+02 1.776287569726149377e+04
9.060000000000000000e+02 5.790390517742023803e+04
9.070000000000000000e+02 2.262658915688972047e+04
9.080000000000000000e+02 1.564434239109070622e+05
9.090000000000000000e+02 3.000889042482186778e+04
9.100000000000000000e+02 3.146310855448360599e+04
9.110000000000000000e+02 2.623567146953346091e+05
9.120000000000000000e+02 2.970638989036564089e+04
9.130000000000000000e+02 5.155228370743932464e+04
9.140000000000000000e+02 1.858936596500524320e+05
9.150000000000000000e+02 3.635322672116093599e+04
9.160000000000000000e+02 1.038987771822494142e+04
9.170000000000000000e+02 4.138811950569459004e+05
9.180000000000000000e+02 6.600385826152980735e+04
9.190000000000000000e+02 5.130873889913090352e+03
9.200000000000000000e+02 8.146796466669694928e+04
9.210000000000000000e+02 2.464765131582988033e+04
9.220000000000000000e+02 5.741109446584328543e+04
9.230000000000000000e+02 1.148986023798900133e+05
9.240000000000000000e+02 3.889109265899732418e+04
9.250000000000000000e+02 8.573034805089328438e+04
9.260000000000000000e+02 1.148715389093985505e+04
9.270000000000000000e+02 6.961503639209865651e+04
9.280000000000000000e+02 1.821493367029760338e+04
9.290000000000000000e+02 1.344059140577872458e+05
9.300000000000000000e+02 2.375111862088918133e+04
9.310000000000000000e+02 1.932165724714027965e+04
9.320000000000000000e+02 1.306318017250904995e+04
9.330000000000000000e+02 1.209615606818040942e+04
9.340000000000000000e+02 1.997193115565296466e+04
9.350000000000000000e+02 2.597586759147266275e+04
9.360000000000000000e+02 8.895851482334433967e+03
9.370000000000000000e+02 3.572777358920438473e+03
9.380000000000000000e+02 2.827937768095021602e+04
9.390000000000000000e+02 9.829081779169265064e+04
9.400000000000000000e+02 8.689373601133936609e+04
9.410000000000000000e+02 1.558815343929526862e+05
9.420000000000000000e+02 7.703244524704777177e+03
9.430000000000000000e+02 3.023419488143015769e+04
9.440000000000000000e+02 5.806045188759807388e+03
9.450000000000000000e+02 2.412228612760332908e+04
9.460000000000000000e+02 3.776160339936629316e+04
9.470000000000000000e+02 4.650438076535936489e+03
9.480000000000000000e+02 6.009734489999189827e+04
9.490000000000000000e+02 1.900289296543619130e+05
9.500000000000000000e+02 1.086269931532700284e+05
9.510000000000000000e+02 1.105056980791580427e+05
9.520000000000000000e+02 2.548162151363578596e+04
9.530000000000000000e+02 1.110687103031261358e+04
9.540000000000000000e+02 1.070988271103862280e+04
9.550000000000000000e+02 1.480608317113087833e+04
9.560000000000000000e+02 4.041197967546692962e+04
9.570000000000000000e+02 1.336985138731865118e+04
9.580000000000000000e+02 1.511281266131786397e+05
9.590000000000000000e+02 1.554586517689146276e+05
9.600000000000000000e+02 8.460694476564825891e+03
9.610000000000000000e+02 1.094917191635288764e+05
9.620000000000000000e+02 1.125560578175418341e+05
9.630000000000000000e+02 1.473900515576177531e+04
9.640000000000000000e+02 1.082587264185748245e+04
9.650000000000000000e+02 7.305005140467087585e+03
9.660000000000000000e+02 5.337504697440260497e+04
9.670000000000000000e+02 5.102603517888410715e+04
9.680000000000000000e+02 3.650824367298527068e+04
9.690000000000000000e+02 4.199173742894562747e+04
9.700000000000000000e+02 7.900347034741294920e+04
9.710000000000000000e+02 8.778419253903459321e+03
9.720000000000000000e+02 4.970283656512678135e+04
9.730000000000000000e+02 4.434670470557826047e+04
9.740000000000000000e+02 2.564320607406366034e+05
9.750000000000000000e+02 7.985812623336605611e+04
9.760000000000000000e+02 4.788547528236475046e+03
9.770000000000000000e+02 1.995838121105165337e+05
9.780000000000000000e+02 4.904253706337872427e+04
9.790000000000000000e+02 4.910447723348301952e+04
9.800000000000000000e+02 2.745905765785477342e+04
9.810000000000000000e+02 3.275677206034882329e+04
9.820000000000000000e+02 7.639617597898172971e+04
9.830000000000000000e+02 1.058091163964063162e+05
9.840000000000000000e+02 1.413408246998380491e+04
9.850000000000000000e+02 7.902602797006515902e+04
9.860000000000000000e+02 2.088228282207761731e+04
9.870000000000000000e+02 2.035821096396504727e+05
9.880000000000000000e+02 1.464943047312881390e+05
9.890000000000000000e+02 1.840131963039381080e+05
9.900000000000000000e+02 2.075114290497612819e+04
9.910000000000000000e+02 1.163695797787227639e+04
9.920000000000000000e+02 9.231333427302406926e+04
9.930000000000000000e+02 2.298185957060984219e+05
9.940000000000000000e+02 3.955649896133867151e+04
9.950000000000000000e+02 1.887825266667046162e+04
9.960000000000000000e+02 2.628289526699850467e+04
9.970000000000000000e+02 3.436464967850142421e+04
9.980000000000000000e+02 2.287924205659198342e+05
9.990000000000000000e+02 7.691206915738128373e+03
