# realization, S_1/2
6.240000000000000000e+02 5.296015027465519779e+03
6.250000000000000000e+02 6.475322059484672354e+04
6.260000000000000000e+02 2.645819371499809786e+05
6.270000000000000000e+02 3.579378892606006411e+04
6.280000000000000000e+02 1.914244162979400699e+03
6.290000000000000000e+02 1.359799971975129120e+04
6.300000000000000000e+02 1.909574327568950321e+04
6.310000000000000000e+02 3.438460928501164744e+04
6.320000000000000000e+02 4.211311643518713026e+03
6.330000000000000000e+02 2.083050660654152307e+04
6.340000000000000000e+02 1.987072853480330014e+04
6.350000000000000000e+02 5.806802766565185448e+04
6.360000000000000000e+02 8.595217550318599024e+03
6.370000000000000000e+02 2.309865378303142279e+04
6.380000000000000000e+02 1.593282908926155651e+05
6.390000000000000000e+02 4.264535863695613807e+04
6.400000000000000000e+02 6.741014812929382606e+04
6.410000000000000000e+02 2.247580004142322650e+04
6.420000000000000000e+02 3.682245767217781395e+05
6.430000000000000000e+02 7.050073787872087269e+04
6.440000000000000000e+02 3.898088908041344257e+04
6.450000000000000000e+02 2.120339673201429832e+05
6.460000000000000000e+02 4.086170257005500753e+04
6.470000000000000000e+02 3.561044923403190478e+04
6.480000000000000000e+02 4.123892209919322340e+04
6.490000000000000000e+02 5.663889281668177864e+04
6.500000000000000000e+02 2.761747700788063594e+04
6.510000000000000000e+02 2.250205100493298960e+04
6.520000000000000000e+02 4.409990143897004600e+03
6.530000000000000000e+02 9.602178769042545173e+04
6.540000000000000000e+02 4.791676111651732936e+04
6.550000000000000000e+02 2.956067189621267062e+03
6.560000000000000000e+02 3.707312097105565044e+03
6.570000000000000000e+02 3.290832050475609867e+04
6.580000000000000000e+02 1.029448120734753174e+05
6.590000000000000000e+02 2.559824706123879005e+05
6.600000000000000000e+02 3.430691360610995616e+04
6.610000000000000000e+02 1.366261874473209027e+05
6.620000000000000000e+02 2.923645191294217366e+05
6.630000000000000000e+02 1.640313210376974894e+04
6.640000000000000000e+02 2.254835006502147735e+03
6.650000000000000000e+02 4.419174452917784038e+03
6.660000000000000000e+02 2.516549213165619294e+05
6.670000000000000000e+02 9.543307620165967091e+04
6.680000000000000000e+02 1.036178259396696085e+05
6.690000000000000000e+02 1.154700182926352136e+05
6.700000000000000000e+02 8.267551556613871071e+04
6.710000000000000000e+02 7.064398281051298545e+04
6.720000000000000000e+02 4.550737404536388931e+04
6.730000000000000000e+02 2.955289995317585635e+04
6.740000000000000000e+02 1.409122869448965685e+04
6.750000000000000000e+02 6.823245415774939465e+04
6.760000000000000000e+02 2.024680896757594019e+04
6.770000000000000000e+02 8.378938728332366736e+03
6.780000000000000000e+02 1.008752039716769286e+04
6.790000000000000000e+02 5.907089598178917076e+05
6.800000000000000000e+02 4.864580909566995979e+04
6.810000000000000000e+02 1.804722760409866169e+05
6.820000000000000000e+02 3.410507905884654610e+05
6.830000000000000000e+02 1.560884919227660284e+05
6.840000000000000000e+02 2.405007868613930987e+04
6.850000000000000000e+02 1.103793183507116009e+04
6.860000000000000000e+02 5.280390906608178193e+04
6.870000000000000000e+02 1.781341756032393096e+04
6.880000000000000000e+02 1.246475926501903596e+05
6.890000000000000000e+02 1.664411900871182297e+04
6.900000000000000000e+02 3.345779100719404232e+04
6.910000000000000000e+02 1.771640824418288321e+04
6.920000000000000000e+02 1.107059702420300528e+04
6.930000000000000000e+02 1.721416290985633532e+04
6.940000000000000000e+02 5.549392408793256618e+05
6.950000000000000000e+02 2.401557835071417139e+04
6.960000000000000000e+02 4.271476764795714553e+04
6.970000000000000000e+02 7.821307551929922192e+04
6.980000000000000000e+02 7.247566642984548525e+04
6.990000000000000000e+02 7.794143562582173217e+03
7.000000000000000000e+02 1.244729106441017939e+04
7.010000000000000000e+02 9.770109155347969136e+03
7.020000000000000000e+02 4.060215308689452650e+04
7.030000000000000000e+02 4.643978431569509848e+04
7.040000000000000000e+02 1.812869491735124393e+04
7.050000000000000000e+02 5.755178635726594803e+04
7.060000000000000000e+02 6.423436773416074720e+04
7.070000000000000000e+02 6.163365582401711727e+05
7.080000000000000000e+02 1.025225622395983810e+05
7.090000000000000000e+02 4.673136193078541692e+04
7.100000000000000000e+02 2.361334575564810075e+04
7.110000000000000000e+02 1.765078502010773082e+04
7.120000000000000000e+02 3.979654585646973374e+03
7.130000000000000000e+02 3.056683646150416098e+04
7.140000000000000000e+02 3.138082963495985605e+05
7.150000000000000000e+02 3.161940865596767253e+04
7.160000000000000000e+02 1.743131317482783925e+04
7.170000000000000000e+02 2.118784798102055356e+04
7.180000000000000000e+02 4.315440939856155455e+04
7.190000000000000000e+02 8.186098009968257975e+04
7.200000000000000000e+02 1.626529638122146935e+04
7.210000000000000000e+02 7.866796742651057139e+04
7.220000000000000000e+02 4.181017811885054834e+04
7.230000000000000000e+02 5.454993795675744332e+04
7.240000000000000000e+02 2.469035473183894646e+04
7.250000000000000000e+02 5.717448789615391433e+04
7.260000000000000000e+02 1.714913884400803363e+05
7.270000000000000000e+02 1.963141078727253625e+04
7.280000000000000000e+02 1.872452666001988837e+04
7.290000000000000000e+02 2.933076135536899073e+03
7.300000000000000000e+02 7.488377336760984326e+04
7.310000000000000000e+02 1.256632871424866898e+05
7.320000000000000000e+02 7.007285656737229147e+04
7.330000000000000000e+02 5.668740825564201077e+04
7.340000000000000000e+02 3.269867472202171120e+04
7.350000000000000000e+02 1.934256212357080585e+04
7.360000000000000000e+02 1.471195780786450996e+04
7.370000000000000000e+02 7.041046053629859816e+05
7.380000000000000000e+02 2.469269990464076545e+04
7.390000000000000000e+02 1.344035857061680872e+04
7.400000000000000000e+02 5.031915412017553535e+03
7.410000000000000000e+02 1.042647593531196471e+05
7.420000000000000000e+02 8.805274719691058635e+03
7.430000000000000000e+02 2.519084777710323033e+04
7.440000000000000000e+02 2.994690038784495482e+04
7.450000000000000000e+02 9.812932917127244582e+04
7.460000000000000000e+02 7.959771969358090246e+03
7.470000000000000000e+02 4.095798988499501866e+04
7.480000000000000000e+02 8.516233464433658810e+03
