# realization, S_1/2
4.990000000000000000e+02 1.133674342646288642e+04
5.000000000000000000e+02 1.028212981807784854e+04
5.010000000000000000e+02 2.075686202821058396e+05
5.020000000000000000e+02 1.163671562152959668e+05
5.030000000000000000e+02 1.344244046343194350e+04
5.040000000000000000e+02 3.214340581773744634e+04
5.050000000000000000e+02 9.470390109697080334e+03
5.060000000000000000e+02 1.944839040804624528e+04
5.070000000000000000e+02 1.415750869311605493e+04
5.080000000000000000e+02 7.456248091614672740e+04
5.090000000000000000e+02 1.169253657457973022e+05
5.100000000000000000e+02 2.706723415853229744e+04
5.110000000000000000e+02 1.363974108985404018e+05
5.120000000000000000e+02 6.550072782684850245e+04
5.130000000000000000e+02 3.404023439072120236e+05
5.140000000000000000e+02 6.942867846704394651e+03
5.150000000000000000e+02 1.830628977735850640e+04
5.160000000000000000e+02 3.511996379799472197e+04
5.170000000000000000e+02 2.283091996115003712e+05
5.180000000000000000e+02 2.224938747137095561e+04
5.190000000000000000e+02 3.448643895186090958e+04
5.200000000000000000e+02 3.694327039032801986e+04
5.210000000000000000e+02 5.246198131976865261e+04
5.220000000000000000e+02 2.807509920067273561e+04
5.230000000000000000e+02 6.492803727357019670e+04
5.240000000000000000e+02 3.829221484360112663e+04
5.250000000000000000e+02 2.237031821576539005e+04
5.260000000000000000e+02 4.286156678625203494e+04
5.270000000000000000e+02 3.949040210819574713e+04
5.280000000000000000e+02 2.673125697804301672e+04
5.290000000000000000e+02 2.289879199259094457e+04
5.300000000000000000e+02 2.198597651212712299e+04
5.310000000000000000e+02 1.654623876497753008e+04
5.320000000000000000e+02 6.930666968560637906e+04
5.330000000000000000e+02 9.806112345363195345e+03
5.340000000000000000e+02 8.569473632409021957e+04
5.350000000000000000e+02 3.087943715604272802e+04
5.360000000000000000e+02 1.217373883236479924e+04
5.370000000000000000e+02 1.665531376355761313e+04
5.380000000000000000e+02 1.390393141513031878e+04
5.390000000000000000e+02 9.006081243933257065e+04
5.400000000000000000e+02 3.219811132787338647e+04
5.410000000000000000e+02 1.043845335514623439e+05
5.420000000000000000e+02 4.770249447008317657e+04
5.430000000000000000e+02 5.341983768470439099e+04
5.440000000000000000e+02 2.514498521533574603e+04
5.450000000000000000e+02 5.048067373878337821e+04
5.460000000000000000e+02 8.115654295384160650e+04
5.470000000000000000e+02 5.284386198577810865e+04
5.480000000000000000e+02 4.257517825888301013e+04
5.490000000000000000e+02 2.309331327211765747e+05
5.500000000000000000e+02 8.107097158549937012e+04
5.510000000000000000e+02 8.690887352323946834e+04
5.520000000000000000e+02 1.807268950847743690e+04
5.530000000000000000e+02 4.657982788554813305e+04
5.540000000000000000e+02 8.742576394243500545e+04
5.550000000000000000e+02 8.768606203156987613e+04
5.560000000000000000e+02 1.851031061518129718e+04
5.570000000000000000e+02 4.647719120534947433e+04
5.580000000000000000e+02 1.006553912664016534e+05
5.590000000000000000e+02 1.172327007243659318e+05
5.600000000000000000e+02 1.636459710078198405e+05
5.610000000000000000e+02 7.698951745220719022e+04
5.620000000000000000e+02 7.868813514364549519e+03
5.630000000000000000e+02 1.757257757361756376e+04
5.640000000000000000e+02 2.049274239064911308e+04
5.650000000000000000e+02 2.270014669180699002e+03
5.660000000000000000e+02 5.714458149056177353e+04
5.670000000000000000e+02 1.527859661227800461e+04
5.680000000000000000e+02 1.666911934519858914e+05
5.690000000000000000e+02 2.749672198552058398e+04
5.700000000000000000e+02 1.216038228579548741e+04
5.710000000000000000e+02 3.352311569009393861e+04
5.720000000000000000e+02 1.884527139352573140e+05
5.730000000000000000e+02 2.172226360502264579e+05
5.740000000000000000e+02 4.056427993490378722e+05
5.750000000000000000e+02 9.636855737809537095e+04
5.760000000000000000e+02 7.535142689067521133e+04
5.770000000000000000e+02 2.064606156983347682e+04
5.780000000000000000e+02 1.531897830225514781e+03
5.790000000000000000e+02 5.742626873221989808e+04
5.800000000000000000e+02 4.311178535859000840e+04
5.810000000000000000e+02 6.539351436141232989e+04
5.820000000000000000e+02 2.484095394333328659e+04
5.830000000000000000e+02 4.808871457453144831e+04
5.840000000000000000e+02 7.206416295603414255e+03
5.850000000000000000e+02 9.399522198866811232e+04
5.860000000000000000e+02 1.047086852593804651e+05
5.870000000000000000e+02 1.361163885275379835e+04
5.880000000000000000e+02 8.256336818624340231e+04
5.890000000000000000e+02 5.276488000469399594e+03
5.900000000000000000e+02 2.255383402239924471e+05
5.910000000000000000e+02 8.131425612135568372e+03
5.920000000000000000e+02 4.867935900388169102e+04
5.930000000000000000e+02 3.064397024248971502e+04
5.940000000000000000e+02 1.092174500719972093e+04
5.950000000000000000e+02 1.172882109969394660e+05
5.960000000000000000e+02 4.367259366896100255e+04
5.970000000000000000e+02 1.694338816791655699e+04
5.980000000000000000e+02 5.813358310531046300e+03
5.990000000000000000e+02 3.111689082242576405e+05
6.000000000000000000e+02 1.533323073591309367e+05
6.010000000000000000e+02 1.070530932925526431e+05
6.020000000000000000e+02 3.436512584090623568e+04
6.030000000000000000e+02 2.432317271186273138e+04
6.040000000000000000e+02 3.086359150861055605e+04
6.050000000000000000e+02 4.118729845481339726e+04
6.060000000000000000e+02 1.425610796492172231e+05
6.070000000000000000e+02 2.328184900220689306e+05
6.080000000000000000e+02 4.616804471912284498e+04
6.090000000000000000e+02 8.378626609429202290e+03
6.100000000000000000e+02 7.420651599751316826e+04
6.110000000000000000e+02 4.134394450044050245e+03
6.120000000000000000e+02 3.622559328885002742e+03
6.130000000000000000e+02 6.956045082230383741e+03
6.140000000000000000e+02 1.187201230922647665e+04
6.150000000000000000e+02 4.123479252541214373e+04
6.160000000000000000e+02 5.266912447599804182e+03
6.170000000000000000e+02 1.229226476045641175e+05
6.180000000000000000e+02 1.277484632184709772e+05
6.190000000000000000e+02 3.843467125162519369e+04
6.200000000000000000e+02 1.588646607152214347e+04
6.210000000000000000e+02 3.323887942494766776e+03
6.220000000000000000e+02 1.533771094422136375e+05
6.230000000000000000e+02 2.385790961265335864e+04
