# realization, S_1/2
2.490000000000000000e+02 1.163333851432766642e+04
2.500000000000000000e+02 1.230949044909699733e+05
2.510000000000000000e+02 4.041876203100707244e+03
2.520000000000000000e+02 2.590924569160608808e+05
2.530000000000000000e+02 1.900216050137708662e+05
2.540000000000000000e+02 9.791574990283609077e+04
2.550000000000000000e+02 3.170315518403204260e+04
2.560000000000000000e+02 1.284274588681011301e+04
2.570000000000000000e+02 1.667171343092996904e+04
2.580000000000000000e+02 4.198807905519671476e+04
2.590000000000000000e+02 1.908560337013739991e+04
2.600000000000000000e+02 2.374472357578452284e+04
2.610000000000000000e+02 1.477956369776817155e+04
2.620000000000000000e+02 1.389941138710239647e+04
2.630000000000000000e+02 3.184601420986304583e+04
2.640000000000000000e+02 6.180119117838528473e+04
2.650000000000000000e+02 2.078967570059410355e+04
2.660000000000000000e+02 5.837376995345429896e+04
2.670000000000000000e+02 5.369647762680071173e+04
2.680000000000000000e+02 1.805298473955227819e+05
2.690000000000000000e+02 1.303945577082551026e+05
2.700000000000000000e+02 2.501016473545348563e+05
2.710000000000000000e+02 3.539640973521160049e+04
2.720000000000000000e+02 9.995613065190448833e+04
2.730000000000000000e+02 9.224130171491598594e+04
2.740000000000000000e+02 7.322331504660223436e+04
2.750000000000000000e+02 7.110775787377848246e+03
2.760000000000000000e+02 4.830123187558058999e+04
2.770000000000000000e+02 8.631093461612467945e+04
2.780000000000000000e+02 3.186553895921311050e+04
2.790000000000000000e+02 9.300168172153057822e+04
2.800000000000000000e+02 9.853039235473592998e+04
2.810000000000000000e+02 7.079983614097541249e+03
2.820000000000000000e+02 2.045586208354251357e+04
2.830000000000000000e+02 3.813121516204805084e+04
2.840000000000000000e+02 6.454855693943164806e+04
2.850000000000000000e+02 1.034950784980508070e+04
2.860000000000000000e+02 9.291800142644478910e+03
2.870000000000000000e+02 7.172474341795223881e+04
2.880000000000000000e+02 2.677218220940813626e+04
2.890000000000000000e+02 9.550462791811985880e+03
2.900000000000000000e+02 1.299573518811114263e+04
2.910000000000000000e+02 5.200180208139972092e+04
2.920000000000000000e+02 2.610227310961523035e+05
2.930000000000000000e+02 2.268395160845110877e+04
2.940000000000000000e+02 6.167379823275558738e+04
2.950000000000000000e+02 2.484832627991455229e+04
2.960000000000000000e+02 5.566806295411691099e+04
2.970000000000000000e+02 6.970892346528521739e+04
2.980000000000000000e+02 9.751199501732093267e+03
2.990000000000000000e+02 5.526031788997656258e+04
3.000000000000000000e+02 1.166687480628252815e+05
3.010000000000000000e+02 2.811215831927477484e+04
3.020000000000000000e+02 3.350459815968877228e+04
3.030000000000000000e+02 3.179256238790964926e+04
3.040000000000000000e+02 1.251804094460668239e+04
3.050000000000000000e+02 3.060146428855230624e+04
3.060000000000000000e+02 9.130083730306936195e+04
3.070000000000000000e+02 9.496731669364720801e+03
3.080000000000000000e+02 3.541990733424925565e+04
3.090000000000000000e+02 1.414112894634287841e+04
3.100000000000000000e+02 2.321110321668907636e+04
3.110000000000000000e+02 3.046688634735736923e+04
3.120000000000000000e+02 1.209538709426840651e+05
3.130000000000000000e+02 2.707569695377320750e+04
3.140000000000000000e+02 1.090370648924866691e+04
3.150000000000000000e+02 4.912362194278134120e+04
3.160000000000000000e+02 1.339178290712573653e+04
3.170000000000000000e+02 5.095774498369380126e+03
3.180000000000000000e+02 4.503500676132988156e+04
3.190000000000000000e+02 3.658500548570568208e+04
3.200000000000000000e+02 8.819741922941719531e+04
3.210000000000000000e+02 5.742295622798362456e+04
3.220000000000000000e+02 6.408034052036214234e+03
3.230000000000000000e+02 1.008915735463424426e+04
3.240000000000000000e+02 4.110207734748946677e+04
3.250000000000000000e+02 7.193913293037161930e+04
3.260000000000000000e+02 6.474689542174314556e+04
3.270000000000000000e+02 8.075404126997840649e+04
3.280000000000000000e+02 5.236894574534834646e+03
3.290000000000000000e+02 8.581998660378802015e+03
3.300000000000000000e+02 6.501823562428596051e+04
3.310000000000000000e+02 3.174334165116501390e+04
3.320000000000000000e+02 1.933346301300476262e+04
3.330000000000000000e+02 2.599256531543697929e+04
3.340000000000000000e+02 4.077370871282929147e+04
3.350000000000000000e+02 1.513017312886003638e+05
3.360000000000000000e+02 7.953285924295063523e+03
3.370000000000000000e+02 3.473441443239878572e+04
3.380000000000000000e+02 1.426089348343149759e+05
3.390000000000000000e+02 3.195768746448669117e+04
3.400000000000000000e+02 2.675864532402452896e+05
3.410000000000000000e+02 6.961734506498843257e+04
3.420000000000000000e+02 1.478571467558678705e+05
3.430000000000000000e+02 2.021748751888430706e+04
3.440000000000000000e+02 1.874232661095874209e+05
3.450000000000000000e+02 9.460532492892794835e+04
3.460000000000000000e+02 2.400461562536414131e+05
3.470000000000000000e+02 5.852773957055058418e+04
3.480000000000000000e+02 9.038755345689502428e+04
3.490000000000000000e+02 1.252102528763934060e+04
3.500000000000000000e+02 3.048798175200015612e+04
3.510000000000000000e+02 3.991809113631949913e+03
3.520000000000000000e+02 5.725300519150272157e+04
3.530000000000000000e+02 5.227288099578170659e+04
3.540000000000000000e+02 2.079473702274800598e+04
3.550000000000000000e+02 1.565761016201745661e+05
3.560000000000000000e+02 2.691418560512635304e+04
3.570000000000000000e+02 2.337854053685150939e+04
3.580000000000000000e+02 1.137137158370630787e+05
3.590000000000000000e+02 2.971941797662029858e+05
3.600000000000000000e+02 1.143538356087492502e+04
3.610000000000000000e+02 2.204141537612325919e+04
3.620000000000000000e+02 1.057811429954064952e+05
3.630000000000000000e+02 2.980025342981504946e+04
3.640000000000000000e+02 3.658772771283893962e+04
3.650000000000000000e+02 1.895794864385471737e+04
3.660000000000000000e+02 5.395969536475350469e+04
3.670000000000000000e+02 2.955497865819583603e+04
3.680000000000000000e+02 3.465372430168771098e+04
3.690000000000000000e+02 2.535705538370519207e+04
3.700000000000000000e+02 5.047500604668017477e+05
3.710000000000000000e+02 9.545500622140292762e+03
3.720000000000000000e+02 2.496744832574586690e+04
3.730000000000000000e+02 2.008858178902480358e+04
