# realization, variance of unmasked pixels in NSIDE=16 map
7.490000000000000000e+02 1.451064589666129677e+03
7.500000000000000000e+02 1.173250096936878208e+03
7.510000000000000000e+02 1.775485463149235557e+03
7.520000000000000000e+02 1.657465342497520624e+03
7.530000000000000000e+02 1.683123000564178028e+03
7.540000000000000000e+02 1.570269264985171731e+03
7.550000000000000000e+02 1.516000650863564033e+03
7.560000000000000000e+02 1.223255433236503677e+03
7.570000000000000000e+02 1.469632587875484433e+03
7.580000000000000000e+02 7.033171425626878772e+02
7.590000000000000000e+02 1.106293332124906328e+03
7.600000000000000000e+02 1.679042902916507956e+03
7.610000000000000000e+02 2.099105369949330452e+03
7.620000000000000000e+02 1.900464853119164445e+03
7.630000000000000000e+02 2.151548354427361573e+03
7.640000000000000000e+02 1.090511955408975837e+03
7.650000000000000000e+02 1.554971745060517605e+03
7.660000000000000000e+02 1.526709068483877445e+03
7.670000000000000000e+02 1.180358795103898728e+03
7.680000000000000000e+02 1.311499544939742918e+03
7.690000000000000000e+02 1.083429662288050167e+03
7.700000000000000000e+02 1.781244861934818573e+03
7.710000000000000000e+02 1.170392672215429457e+03
7.720000000000000000e+02 1.683446490761934001e+03
7.730000000000000000e+02 1.395322670247047199e+03
7.740000000000000000e+02 1.195526420798169283e+03
7.750000000000000000e+02 1.826668316120695636e+03
7.760000000000000000e+02 1.916737691923045759e+03
7.770000000000000000e+02 1.121218010602105323e+03
7.780000000000000000e+02 1.698283857174780906e+03
7.790000000000000000e+02 1.282131632230645664e+03
7.800000000000000000e+02 1.423866952098769389e+03
7.810000000000000000e+02 1.233587283722711618e+03
7.820000000000000000e+02 1.341383147774462714e+03
7.830000000000000000e+02 1.418138906573036593e+03
7.840000000000000000e+02 1.742652094342542114e+03
7.850000000000000000e+02 1.345343448024841337e+03
7.860000000000000000e+02 9.852652418235144296e+02
7.870000000000000000e+02 1.179680263853292217e+03
7.880000000000000000e+02 1.261694317753086352e+03
7.890000000000000000e+02 1.329449697929985405e+03
7.900000000000000000e+02 2.005115036039940833e+03
7.910000000000000000e+02 1.195075276136040202e+03
7.920000000000000000e+02 1.204777697934321395e+03
7.930000000000000000e+02 1.238157583544589443e+03
7.940000000000000000e+02 1.387121495329982508e+03
7.950000000000000000e+02 1.773025149695695063e+03
7.960000000000000000e+02 1.419464231925674540e+03
7.970000000000000000e+02 9.798482036056224160e+02
7.980000000000000000e+02 1.222474963205477025e+03
7.990000000000000000e+02 1.220632630199416553e+03
8.000000000000000000e+02 1.442466064595306989e+03
8.010000000000000000e+02 1.469389655428242577e+03
8.020000000000000000e+02 1.209553915959794040e+03
8.030000000000000000e+02 1.733004118916453763e+03
8.040000000000000000e+02 1.449833689580404780e+03
8.050000000000000000e+02 1.395626614625463162e+03
8.060000000000000000e+02 9.665237540423177052e+02
8.070000000000000000e+02 1.269403706737273978e+03
8.080000000000000000e+02 1.826124873756151601e+03
8.090000000000000000e+02 1.254832534521722437e+03
8.100000000000000000e+02 1.377315860432118143e+03
8.110000000000000000e+02 1.178572681873195279e+03
8.120000000000000000e+02 1.327811623984153130e+03
8.130000000000000000e+02 1.641232640177295934e+03
8.140000000000000000e+02 1.647964953837047460e+03
8.150000000000000000e+02 1.204880763909888628e+03
8.160000000000000000e+02 1.912674970087819020e+03
8.170000000000000000e+02 1.574100462986901903e+03
8.180000000000000000e+02 1.547205509024984394e+03
8.190000000000000000e+02 1.726205662149922546e+03
8.200000000000000000e+02 1.297852620032992490e+03
8.210000000000000000e+02 1.514124287023532133e+03
8.220000000000000000e+02 1.790565949489259765e+03
8.230000000000000000e+02 1.429466806607996432e+03
8.240000000000000000e+02 1.424814719326813474e+03
8.250000000000000000e+02 2.357158263880734012e+03
8.260000000000000000e+02 1.084594688876781902e+03
8.270000000000000000e+02 1.010887910451474113e+03
8.280000000000000000e+02 1.545939939320360054e+03
8.290000000000000000e+02 1.620401096688951156e+03
8.300000000000000000e+02 1.445941359878356934e+03
8.310000000000000000e+02 1.497944906569229715e+03
8.320000000000000000e+02 1.451571771567184214e+03
8.330000000000000000e+02 1.365307740566552638e+03
8.340000000000000000e+02 2.104572462189041744e+03
8.350000000000000000e+02 1.731174768167879620e+03
8.360000000000000000e+02 1.491874476774247569e+03
8.370000000000000000e+02 1.289841318095800489e+03
8.380000000000000000e+02 1.870712179989804099e+03
8.390000000000000000e+02 1.384890053567097539e+03
8.400000000000000000e+02 1.381172924673669741e+03
8.410000000000000000e+02 2.064689649851924059e+03
8.420000000000000000e+02 1.139949527902474301e+03
8.430000000000000000e+02 1.351987537571092389e+03
8.440000000000000000e+02 1.502735742911693706e+03
8.450000000000000000e+02 1.596767859801846271e+03
8.460000000000000000e+02 2.168498842564835286e+03
8.470000000000000000e+02 2.212933461553475809e+03
8.480000000000000000e+02 1.121204860146455985e+03
8.490000000000000000e+02 1.931434858602888880e+03
8.500000000000000000e+02 1.560787814907089341e+03
8.510000000000000000e+02 1.214686434175363729e+03
8.520000000000000000e+02 1.252255747890397515e+03
8.530000000000000000e+02 1.224764186384786626e+03
8.540000000000000000e+02 1.322812354068466675e+03
8.550000000000000000e+02 1.081523578350612070e+03
8.560000000000000000e+02 1.539131144989925133e+03
8.570000000000000000e+02 2.378224949522058068e+03
8.580000000000000000e+02 1.039046078458851525e+03
8.590000000000000000e+02 2.025499223135727561e+03
8.600000000000000000e+02 1.486338691540112677e+03
8.610000000000000000e+02 1.036219939612663438e+03
8.620000000000000000e+02 1.104218017738266781e+03
8.630000000000000000e+02 1.211454774023492746e+03
8.640000000000000000e+02 1.592547402330871591e+03
8.650000000000000000e+02 1.571851834206114290e+03
8.660000000000000000e+02 1.384861313835021974e+03
8.670000000000000000e+02 1.536492218912574799e+03
8.680000000000000000e+02 1.260087538990622079e+03
8.690000000000000000e+02 1.783854717209884257e+03
8.700000000000000000e+02 1.206429171422745640e+03
8.710000000000000000e+02 1.211292960058570998e+03
8.720000000000000000e+02 1.603177127077966134e+03
8.730000000000000000e+02 1.147744277869062898e+03
